1.000000 -0.000257 0.000271 0.144880 0.000257 1.000000 -0.000080 -0.278054 -0.000271 0.000080 1.000000 -0.112954
1.000000 0.000267 0.000954 0.144209 -0.000267 1.000000 -0.001060 -0.278174 -0.000954 0.001060 1.000000 -0.113520
1.000000 -0.000347 0.000999 0.144358 0.000347 1.000000 -0.000362 -0.278352 -0.000999 0.000362 1.000000 -0.112890
1.000000 -0.000191 -0.002792 0.146234 0.000193 1.000000 0.000763 -0.277578 0.002792 -0.000763 1.000000 -0.112390
1.000000 -0.000107 0.000992 0.144459 0.000108 1.000000 -0.000534 -0.278070 -0.000992 0.000534 1.000000 -0.113455
1.000000 0.000393 0.000603 0.144628 -0.000392 1.000000 -0.000687 -0.278113 -0.000603 0.000687 1.000000 -0.113132
1.000001 -0.000259 0.000359 0.144645 0.000259 1.000000 -0.000019 -0.277927 -0.000359 0.000019 1.000001 -0.113569
1.000001 -0.000005 0.000511 0.144592 0.000006 1.000000 -0.000980 -0.277756 -0.000511 0.000980 1.000000 -0.114056
0.999999 -0.000579 0.002342 0.144033 0.000581 1.000000 -0.001205 -0.278241 -0.002342 0.001206 0.999999 -0.113578
1.000000 -0.000847 0.001950 0.144408 0.000849 1.000000 -0.001337 -0.277993 -0.001949 0.001338 0.999999 -0.113709
1.000000 -0.000073 0.002076 0.143914 0.000075 1.000000 -0.001220 -0.278281 -0.002077 0.001220 0.999999 -0.113632
0.999999 -0.000139 0.002235 0.143877 0.000141 1.000000 -0.001118 -0.278280 -0.002235 0.001118 0.999999 -0.113681
0.999999 -0.000417 0.002569 0.143893 0.000420 0.999999 -0.001677 -0.278154 -0.002569 0.001678 0.999998 -0.113971
1.000002 -0.000451 0.001106 0.144513 0.000453 1.000000 -0.001511 -0.277806 -0.001106 0.001512 1.000001 -0.114032
0.999997 0.000242 0.003531 0.143032 -0.000237 0.999999 -0.001763 -0.278464 -0.003532 0.001762 0.999995 -0.114302
1.000001 -0.000151 0.001663 0.144238 0.000154 0.999999 -0.001953 -0.278075 -0.001663 0.001952 0.999999 -0.113724
0.999998 -0.000172 0.002735 0.143665 0.000175 1.000000 -0.001586 -0.278411 -0.002735 0.001586 0.999997 -0.113631
0.999996 -0.000192 0.003593 0.143444 0.000198 0.999999 -0.001820 -0.278509 -0.003593 0.001819 0.999995 -0.113672
1.000001 -0.000006 0.001785 0.143988 0.000008 1.000000 -0.001663 -0.278221 -0.001785 0.001662 1.000000 -0.113684
0.999999 -0.000128 0.002587 0.143609 0.000131 1.000000 -0.001516 -0.278293 -0.002587 0.001516 0.999998 -0.113991
0.999998 0.000300 0.003005 0.143334 -0.000294 0.999999 -0.002336 -0.278520 -0.003006 0.002334 0.999996 -0.113785
0.999997 0.000234 0.003406 0.143202 -0.000226 0.999997 -0.002854 -0.278504 -0.003406 0.002853 0.999994 -0.113989
0.999996 0.000849 0.003713 0.142888 -0.000841 0.999998 -0.002532 -0.278792 -0.003715 0.002529 0.999993 -0.113682
1.000003 0.000336 0.001151 0.144241 -0.000333 0.999997 -0.003011 -0.277983 -0.001152 0.003010 0.999999 -0.113946
0.999998 0.000083 0.003047 0.142936 -0.000078 1.000000 -0.001893 -0.278655 -0.003047 0.001892 0.999997 -0.113959
1.000003 0.000576 0.001296 0.143807 -0.000572 0.999999 -0.002418 -0.278394 -0.001297 0.002416 1.000001 -0.113492
0.999995 0.000184 0.004218 0.142325 -0.000175 0.999999 -0.002287 -0.278991 -0.004219 0.002285 0.999993 -0.113911
0.999999 -0.000187 0.002644 0.143083 0.000192 0.999999 -0.002244 -0.278427 -0.002644 0.002244 0.999997 -0.114331
0.999997 0.000982 0.003378 0.142160 -0.000977 1.000000 -0.001435 -0.278792 -0.003379 0.001431 0.999997 -0.114603
0.999998 0.001469 0.002809 0.142383 -0.001463 0.999998 -0.002169 -0.278578 -0.002812 0.002165 0.999997 -0.114841
0.999998 0.002008 0.002640 0.142313 -0.002003 0.999998 -0.002094 -0.278693 -0.002644 0.002089 0.999998 -0.114647
0.999999 0.000613 0.002789 0.141973 -0.000611 1.000001 -0.001010 -0.278659 -0.002789 0.001009 0.999999 -0.115171
0.999993 0.000831 0.004622 0.141272 -0.000822 0.999999 -0.002190 -0.279190 -0.004624 0.002185 0.999991 -0.114749
0.999991 0.001084 0.004925 0.141313 -0.001072 0.999998 -0.002782 -0.279196 -0.004928 0.002776 0.999989 -0.114682
0.999992 0.000996 0.004918 0.141312 -0.000986 0.999998 -0.002522 -0.279300 -0.004921 0.002517 0.999990 -0.114431
0.999991 0.001119 0.004973 0.140655 -0.001115 1.000001 -0.001066 -0.279509 -0.004975 0.001060 0.999992 -0.114748
0.999999 0.000242 0.003380 0.141698 -0.000238 1.000001 -0.001629 -0.279060 -0.003381 0.001629 0.999998 -0.114540
1.000001 0.000640 0.002525 0.141894 -0.000639 1.000001 -0.001283 -0.279035 -0.002526 0.001282 1.000001 -0.114353
1.000003 0.000387 0.001987 0.142324 -0.000386 1.000001 -0.001466 -0.278910 -0.001988 0.001465 1.000002 -0.114115
0.999997 0.000791 0.003974 0.141128 -0.000784 0.999999 -0.002512 -0.279137 -0.003976 0.002510 0.999995 -0.115067
0.999997 0.000700 0.004173 0.141182 -0.000693 0.999999 -0.002378 -0.279135 -0.004174 0.002376 0.999995 -0.115002
1.000002 0.000362 0.002914 0.142014 -0.000358 1.000000 -0.002321 -0.278730 -0.002914 0.002321 1.000000 -0.114946
0.999992 0.001591 0.005207 0.140314 -0.001581 0.999998 -0.002552 -0.279458 -0.005211 0.002545 0.999990 -0.115297
0.999991 0.001927 0.005314 0.140172 -0.001915 0.999997 -0.003144 -0.279385 -0.005318 0.003136 0.999988 -0.115652
0.999998 0.000358 0.003873 0.141412 -0.000352 1.000000 -0.002289 -0.279028 -0.003874 0.002288 0.999996 -0.114978
0.999995 0.000486 0.004748 0.140785 -0.000479 1.000000 -0.002037 -0.279316 -0.004749 0.002035 0.999993 -0.115063
0.999996 0.000899 0.004427 0.140725 -0.000894 1.000000 -0.001698 -0.279360 -0.004429 0.001695 0.999995 -0.115029
1.000003 0.001046 0.002573 0.141681 -0.001043 0.999999 -0.002099 -0.278905 -0.002575 0.002097 1.000001 -0.114938
1.000000 0.000780 0.003273 0.141766 -0.000772 0.999997 -0.003355 -0.278743 -0.003275 0.003353 0.999996 -0.115223
0.999999 0.001566 0.003215 0.141929 -0.001553 0.999991 -0.005019 -0.278562 -0.003222 0.005014 0.999990 -0.115451
0.999997 0.000380 0.004511 0.141097 -0.000367 0.999998 -0.003336 -0.279089 -0.004511 0.003335 0.999992 -0.115224
1.000005 0.000290 0.001581 0.142541 -0.000288 0.999999 -0.002940 -0.278409 -0.001581 0.002941 1.000002 -0.115066
1.000000 0.001543 0.003133 0.141544 -0.001532 0.999994 -0.004195 -0.278563 -0.003139 0.004191 0.999993 -0.115932
1.000002 0.001831 0.002005 0.142030 -0.001823 0.999990 -0.004846 -0.278342 -0.002013 0.004843 0.999994 -0.115859
0.999998 0.001978 0.003553 0.141267 -0.001964 0.999990 -0.004869 -0.278592 -0.003562 0.004863 0.999990 -0.116204
1.000003 0.000852 0.002226 0.141900 -0.000847 0.999999 -0.003188 -0.278313 -0.002228 0.003187 1.000000 -0.116107
0.999999 0.001401 0.003384 0.141394 -0.001387 0.999991 -0.004818 -0.278466 -0.003390 0.004814 0.999990 -0.116355
0.999998 0.001881 0.003622 0.141504 -0.001863 0.999986 -0.005759 -0.278448 -0.003632 0.005753 0.999985 -0.116255
1.000000 0.002235 0.002674 0.141301 -0.002224 0.999988 -0.005169 -0.278321 -0.002685 0.005163 0.999991 -0.116821
1.000007 0.000456 0.001576 0.142206 -0.000455 0.999999 -0.003481 -0.278245 -0.001576 0.003483 1.000003 -0.115890
0.999992 0.002372 0.005145 0.140112 -0.002348 0.999987 -0.005459 -0.278948 -0.005157 0.005449 0.999982 -0.116775
0.999983 0.003066 0.006701 0.139223 -0.003028 0.999978 -0.006775 -0.279185 -0.006720 0.006757 0.999968 -0.117293
0.999996 0.002549 0.004323 0.140461 -0.002528 0.999985 -0.005761 -0.278785 -0.004337 0.005752 0.999985 -0.116738
0.999994 0.002444 0.004730 0.140071 -0.002423 0.999987 -0.005421 -0.278994 -0.004742 0.005412 0.999984 -0.116718
0.999996 0.002414 0.004385 0.140113 -0.002399 0.999993 -0.004231 -0.278864 -0.004394 0.004223 0.999992 -0.116988
0.999993 0.002827 0.004797 0.139455 -0.002812 0.999994 -0.003721 -0.279039 -0.004807 0.003710 0.999992 -0.117383
0.999996 0.002820 0.004152 0.139912 -0.002809 0.999994 -0.003635 -0.278945 -0.004161 0.003625 0.999995 -0.117045
1.000000 0.002286 0.003438 0.141136 -0.002271 0.999989 -0.005267 -0.278512 -0.003449 0.005262 0.999992 -0.116561
0.999996 0.002707 0.004108 0.139871 -0.002692 0.999991 -0.004529 -0.278849 -0.004119 0.004520 0.999992 -0.117324
0.999995 0.002552 0.004424 0.139534 -0.002537 0.999993 -0.004212 -0.278938 -0.004433 0.004204 0.999992 -0.117533
0.999991 0.003530 0.004862 0.139078 -0.003511 0.999988 -0.004684 -0.279172 -0.004877 0.004670 0.999989 -0.117518
0.999998 0.003083 0.003235 0.140012 -0.003073 0.999990 -0.004489 -0.278762 -0.003247 0.004481 0.999996 -0.117361
1.000001 0.002366 0.003044 0.140509 -0.002354 0.999990 -0.005020 -0.278637 -0.003054 0.005015 0.999994 -0.117047
1.000002 0.002923 0.002116 0.140755 -0.002913 0.999985 -0.005837 -0.278346 -0.002131 0.005834 0.999993 -0.117441
0.999997 0.003418 0.003498 0.140004 -0.003404 0.999987 -0.004946 -0.278831 -0.003514 0.004938 0.999993 -0.117199
1.000000 0.002925 0.003054 0.140239 -0.002914 0.999989 -0.004783 -0.278815 -0.003067 0.004777 0.999995 -0.116951
1.000004 0.002046 0.002234 0.140823 -0.002039 0.999993 -0.004471 -0.278684 -0.002242 0.004469 0.999999 -0.116549
1.000005 0.002128 0.001511 0.140576 -0.002126 0.999999 -0.003077 -0.278742 -0.001516 0.003077 1.000006 -0.116731
1.000005 0.002275 0.001177 0.141144 -0.002272 0.999991 -0.004843 -0.278383 -0.001186 0.004843 0.999999 -0.116879
0.999998 0.003071 0.004195 0.139559 -0.003055 0.999987 -0.005459 -0.279338 -0.004209 0.005451 0.999991 -0.116527
1.000003 0.002494 0.002044 0.140953 -0.002486 0.999988 -0.005412 -0.278631 -0.002056 0.005410 0.999995 -0.116507
1.000004 0.002198 0.002362 0.140852 -0.002188 0.999985 -0.006075 -0.278490 -0.002374 0.006073 0.999991 -0.116975
1.000002 0.002870 0.002168 0.140527 -0.002861 0.999983 -0.006157 -0.278611 -0.002183 0.006154 0.999991 -0.117085
1.000004 0.002602 0.001538 0.140989 -0.002596 0.999987 -0.005639 -0.278725 -0.001551 0.005638 0.999995 -0.116236
1.000006 0.002403 0.000900 0.141566 -0.002401 0.999987 -0.005748 -0.278322 -0.000912 0.005749 0.999995 -0.116495
1.000005 0.002687 0.001259 0.141127 -0.002683 0.999989 -0.005172 -0.278335 -0.001271 0.005172 0.999998 -0.117012
1.000004 0.003069 0.001264 0.141412 -0.003064 0.999981 -0.006507 -0.278423 -0.001282 0.006507 0.999991 -0.116434
1.000008 0.001970 -0.000172 0.142427 -0.001973 0.999987 -0.005890 -0.278006 0.000162 0.005894 0.999995 -0.116184
1.000003 0.003160 0.001168 0.141171 -0.003156 0.999985 -0.005567 -0.278446 -0.001184 0.005567 0.999996 -0.116682
1.000007 0.002021 0.001243 0.141559 -0.002017 0.999986 -0.006131 -0.278233 -0.001255 0.006131 0.999993 -0.116718
1.000003 0.003360 0.001217 0.140646 -0.003357 0.999989 -0.004819 -0.278522 -0.001231 0.004819 1.000000 -0.117159
1.000001 0.003841 0.001252 0.140894 -0.003837 0.999979 -0.006266 -0.278550 -0.001274 0.006264 0.999992 -0.116770
1.000002 0.004028 -0.000267 0.141610 -0.004031 0.999979 -0.006235 -0.278195 0.000244 0.006239 0.999993 -0.116740
1.000001 0.004195 -0.000796 0.141904 -0.004203 0.999974 -0.007002 -0.277823 0.000769 0.007008 0.999988 -0.117272
0.999999 0.004476 -0.000911 0.141939 -0.004484 0.999973 -0.006868 -0.277982 0.000882 0.006875 0.999989 -0.116844
1.000002 0.003755 -0.000946 0.141915 -0.003763 0.999978 -0.006528 -0.278085 0.000924 0.006535 0.999991 -0.116626
1.000003 0.003858 0.000972 0.140895 -0.003854 0.999983 -0.005720 -0.278628 -0.000992 0.005719 0.999997 -0.116583
1.000005 0.003340 0.001247 0.140425 -0.003334 0.999988 -0.005303 -0.278717 -0.001262 0.005301 0.999999 -0.116960
1.000003 0.004085 0.000431 0.141435 -0.004082 0.999975 -0.007096 -0.278238 -0.000457 0.007097 0.999990 -0.116848
1.000001 0.004134 0.001460 0.140555 -0.004126 0.999981 -0.005933 -0.278830 -0.001482 0.005929 0.999996 -0.116511
1.000001 0.004408 0.000635 0.140788 -0.004406 0.999982 -0.005556 -0.278753 -0.000657 0.005555 0.999998 -0.116411
0.999999 0.004854 0.000993 0.140437 -0.004849 0.999977 -0.006115 -0.279007 -0.001020 0.006113 0.999995 -0.116228
1.000005 0.003562 0.000249 0.141163 -0.003562 0.999986 -0.005478 -0.278665 -0.000266 0.005480 0.999999 -0.116163
0.999998 0.005112 -0.001038 0.141248 -0.005118 0.999976 -0.006054 -0.278468 0.001010 0.006061 0.999996 -0.116528
0.999998 0.005075 0.000652 0.140346 -0.005073 0.999979 -0.005544 -0.278797 -0.000678 0.005544 0.999998 -0.116853
0.999989 0.006756 0.002641 0.138903 -0.006743 0.999963 -0.006970 -0.279245 -0.002682 0.006958 0.999991 -0.117535
0.999999 0.004778 0.000673 0.140103 -0.004775 0.999979 -0.005779 -0.278706 -0.000698 0.005778 0.999997 -0.117380
0.999990 0.006556 -0.000570 0.140493 -0.006560 0.999972 -0.005463 -0.278876 0.000538 0.005468 0.999999 -0.116474
1.000005 0.003871 -0.000633 0.141106 -0.003875 0.999990 -0.004707 -0.278453 0.000618 0.004713 1.000003 -0.116759
0.999999 0.005315 -0.000047 0.140296 -0.005317 0.999984 -0.004677 -0.278816 0.000026 0.004682 1.000004 -0.116880
1.000005 0.003691 -0.000650 0.141242 -0.003696 0.999990 -0.004709 -0.278429 0.000636 0.004715 1.000003 -0.116648
1.000000 0.005111 0.000332 0.140310 -0.005112 0.999979 -0.006008 -0.278505 -0.000357 0.006012 0.999998 -0.117611
1.000002 0.004136 -0.002090 0.141690 -0.004147 0.999989 -0.004668 -0.278175 0.002074 0.004681 1.000002 -0.116708
1.000000 0.004520 -0.002426 0.141802 -0.004533 0.999985 -0.005079 -0.278201 0.002406 0.005094 0.999999 -0.116501
1.000001 0.004238 -0.002462 0.141680 -0.004250 0.999988 -0.004624 -0.278164 0.002446 0.004639 1.000001 -0.116750
1.000000 0.004732 -0.001809 0.141171 -0.004742 0.999985 -0.004858 -0.278438 0.001789 0.004871 1.000002 -0.116714
1.000001 0.004128 -0.002748 0.141901 -0.004142 0.999988 -0.004884 -0.278083 0.002731 0.004899 0.999999 -0.116670
0.999998 0.004546 -0.002907 0.141831 -0.004562 0.999984 -0.005306 -0.278237 0.002886 0.005323 0.999997 -0.116377
1.000004 0.004486 -0.001110 0.140941 -0.004491 0.999986 -0.005036 -0.278531 0.001091 0.005045 1.000004 -0.116773
0.999995 0.004239 -0.004435 0.142505 -0.004255 0.999993 -0.003648 -0.277886 0.004423 0.003671 1.000000 -0.116405
0.999998 0.004606 -0.002873 0.141778 -0.004620 0.999986 -0.004890 -0.278132 0.002854 0.004908 0.999999 -0.116704
1.000003 0.004575 -0.001553 0.140903 -0.004583 0.999987 -0.004620 -0.278479 0.001536 0.004632 1.000005 -0.116956
0.999995 0.004963 -0.003172 0.141753 -0.004978 0.999985 -0.004760 -0.278016 0.003152 0.004780 0.999999 -0.117020
0.999996 0.005215 -0.002754 0.141543 -0.005230 0.999981 -0.005357 -0.278252 0.002730 0.005376 0.999997 -0.116699
0.999993 0.004051 -0.005328 0.143026 -0.004077 0.999988 -0.004953 -0.277537 0.005311 0.004980 0.999991 -0.116594
0.999981 0.004058 -0.007349 0.144133 -0.004099 0.999985 -0.005676 -0.277252 0.007330 0.005712 0.999976 -0.115889
1.000006 0.004945 -0.002410 0.141104 -0.004956 0.999979 -0.006106 -0.278284 0.002384 0.006126 1.000002 -0.117173
0.999988 0.005302 -0.005196 0.142577 -0.005331 0.999979 -0.005684 -0.277609 0.005170 0.005718 0.999988 -0.116977
0.999988 0.003648 -0.006417 0.143139 -0.003672 0.999996 -0.003687 -0.277434 0.006407 0.003716 0.999991 -0.116724
0.999977 0.004185 -0.007681 0.143659 -0.004213 0.999994 -0.003645 -0.277316 0.007670 0.003683 0.999982 -0.116355
0.999991 0.003630 -0.005963 0.142572 -0.003656 0.999994 -0.004132 -0.277439 0.005951 0.004160 0.999992 -0.117429
0.999988 0.004403 -0.006015 0.142648 -0.004426 0.999992 -0.003841 -0.277691 0.006002 0.003874 0.999993 -0.116711
0.999981 0.003900 -0.007329 0.143398 -0.003928 0.999995 -0.003741 -0.277194 0.007319 0.003776 0.999984 -0.116987
0.999975 0.004221 -0.007891 0.143679 -0.004249 0.999994 -0.003497 -0.277265 0.007880 0.003536 0.999981 -0.116457
0.999960 0.004123 -0.009867 0.144754 -0.004159 0.999994 -0.003589 -0.276695 0.009856 0.003636 0.999965 -0.116498
0.999980 0.003843 -0.007440 0.143130 -0.003869 0.999996 -0.003442 -0.277267 0.007430 0.003477 0.999984 -0.117155
0.999993 0.004552 -0.005352 0.141915 -0.004572 0.999991 -0.004141 -0.277742 0.005337 0.004173 0.999998 -0.117511
0.999991 0.004214 -0.006094 0.142366 -0.004239 0.999992 -0.004332 -0.277480 0.006080 0.004365 0.999993 -0.117587
0.999985 0.005050 -0.006416 0.142203 -0.005072 0.999990 -0.003726 -0.277610 0.006401 0.003766 0.999994 -0.117481
1.000000 0.004612 -0.004087 0.141258 -0.004628 0.999990 -0.004274 -0.277997 0.004072 0.004300 1.000005 -0.117710
0.999991 0.004651 -0.005660 0.141827 -0.004675 0.999989 -0.004531 -0.277739 0.005643 0.004565 0.999995 -0.117627
0.999986 0.004419 -0.006634 0.142539 -0.004450 0.999988 -0.004966 -0.277473 0.006616 0.005002 0.999987 -0.117380
1.000001 0.004700 -0.004003 0.140887 -0.004715 0.999989 -0.004387 -0.277995 0.003987 0.004413 1.000005 -0.118181
0.999982 0.004611 -0.007184 0.142602 -0.004643 0.999988 -0.004758 -0.277308 0.007166 0.004799 0.999985 -0.117710
0.999993 0.006028 -0.004261 0.140746 -0.006053 0.999976 -0.005860 -0.278098 0.004231 0.005895 0.999997 -0.118088
0.999994 0.006391 -0.003544 0.140102 -0.006412 0.999976 -0.005612 -0.278266 0.003514 0.005644 1.000002 -0.118481
0.999995 0.006548 -0.003155 0.140094 -0.006570 0.999969 -0.006571 -0.278263 0.003119 0.006602 0.999998 -0.118485
0.999990 0.005346 -0.005903 0.141772 -0.005380 0.999982 -0.005627 -0.277810 0.005879 0.005669 0.999991 -0.117516
0.999991 0.006108 -0.004498 0.140657 -0.006133 0.999978 -0.005463 -0.278149 0.004471 0.005500 0.999998 -0.118081
0.999987 0.006287 -0.005191 0.140608 -0.006311 0.999982 -0.004467 -0.278142 0.005169 0.004509 1.000000 -0.118176
0.999990 0.007174 -0.003422 0.139881 -0.007201 0.999964 -0.006995 -0.278360 0.003380 0.007031 0.999996 -0.118512
0.999986 0.006011 -0.005785 0.141075 -0.006040 0.999982 -0.004825 -0.278123 0.005762 0.004869 0.999995 -0.117634
0.999990 0.005838 -0.005024 0.140841 -0.005864 0.999981 -0.005221 -0.278141 0.005000 0.005260 0.999997 -0.117877
0.999987 0.006218 -0.005201 0.140768 -0.006245 0.999979 -0.005093 -0.278229 0.005176 0.005135 0.999997 -0.117754
0.999987 0.006490 -0.005060 0.140633 -0.006516 0.999978 -0.005088 -0.278184 0.005033 0.005131 0.999997 -0.118031
0.999993 0.005571 -0.004947 0.140690 -0.005594 0.999986 -0.004586 -0.278121 0.004927 0.004623 1.000000 -0.118125
0.999983 0.005830 -0.006407 0.141499 -0.005862 0.999982 -0.005107 -0.277979 0.006383 0.005154 0.999990 -0.117452
0.999973 0.005260 -0.008308 0.142820 -0.005306 0.999982 -0.005765 -0.277503 0.008283 0.005819 0.999974 -0.116952
0.999993 0.006403 -0.004521 0.139698 -0.006424 0.999981 -0.004642 -0.278723 0.004498 0.004681 1.000005 -0.117892
0.999972 0.006462 -0.007516 0.141700 -0.006497 0.999980 -0.004760 -0.277762 0.007492 0.004818 0.999984 -0.117740
0.999985 0.006271 -0.005818 0.141222 -0.006301 0.999979 -0.005022 -0.278289 0.005792 0.005069 0.999995 -0.117038
0.999987 0.006574 -0.005091 0.140784 -0.006604 0.999974 -0.005726 -0.278334 0.005059 0.005770 0.999996 -0.117468
0.999983 0.006034 -0.006305 0.141791 -0.006068 0.999979 -0.005431 -0.278201 0.006278 0.005480 0.999990 -0.116534
0.999987 0.006539 -0.005121 0.140443 -0.006561 0.999981 -0.004427 -0.278405 0.005098 0.004471 1.000002 -0.117739
0.999979 0.006468 -0.006521 0.141556 -0.006500 0.999979 -0.004882 -0.278265 0.006495 0.004935 0.999991 -0.116679
0.999969 0.006988 -0.007526 0.141744 -0.007023 0.999976 -0.004648 -0.278217 0.007500 0.004711 0.999985 -0.116563
0.999975 0.007341 -0.006246 0.140975 -0.007373 0.999972 -0.005128 -0.278474 0.006215 0.005185 0.999992 -0.116891
0.999978 0.006055 -0.007125 0.142025 -0.006092 0.999980 -0.005225 -0.278064 0.007100 0.005278 0.999985 -0.116580
0.999974 0.006686 -0.007080 0.141493 -0.006715 0.999981 -0.004103 -0.278320 0.007059 0.004160 0.999991 -0.116632
0.999967 0.007043 -0.007600 0.141497 -0.007074 0.999978 -0.004105 -0.278277 0.007578 0.004169 0.999987 -0.116734
0.999965 0.006982 -0.008033 0.141784 -0.007017 0.999978 -0.004389 -0.278252 0.008009 0.004456 0.999983 -0.116432
0.999969 0.007184 -0.007281 0.141226 -0.007218 0.999975 -0.004698 -0.278422 0.007254 0.004761 0.999987 -0.116713
0.999980 0.006753 -0.006159 0.140942 -0.006781 0.999978 -0.004724 -0.278563 0.006133 0.004776 0.999995 -0.116720
0.999982 0.006545 -0.006021 0.140897 -0.006572 0.999980 -0.004472 -0.278561 0.005998 0.004521 0.999997 -0.116784
0.999975 0.007347 -0.006230 0.140615 -0.007375 0.999975 -0.004463 -0.278693 0.006204 0.004519 0.999996 -0.116813
0.999976 0.006653 -0.006929 0.141016 -0.006681 0.999981 -0.004082 -0.278594 0.006908 0.004138 0.999993 -0.116561
0.999976 0.006853 -0.006728 0.141170 -0.006886 0.999976 -0.005051 -0.278380 0.006699 0.005108 0.999990 -0.116883
0.999970 0.007744 -0.006620 0.140939 -0.007781 0.999967 -0.005612 -0.278416 0.006583 0.005673 0.999988 -0.117077
0.999966 0.006366 -0.008517 0.141882 -0.006403 0.999983 -0.004347 -0.277959 0.008495 0.004413 0.999981 -0.117038
0.999965 0.007168 -0.007906 0.141480 -0.007202 0.999977 -0.004326 -0.278213 0.007881 0.004393 0.999985 -0.116914
0.999983 0.007349 -0.005118 0.140431 -0.007379 0.999967 -0.006259 -0.278705 0.005079 0.006308 0.999996 -0.116995
0.999987 0.007315 -0.004507 0.139924 -0.007340 0.999970 -0.005769 -0.278640 0.004472 0.005813 1.000002 -0.117793
0.999984 0.006926 -0.005554 0.140717 -0.006959 0.999970 -0.006259 -0.278605 0.005517 0.006309 0.999993 -0.116886
0.999983 0.007882 -0.004473 0.140233 -0.007915 0.999955 -0.007471 -0.278728 0.004421 0.007518 0.999992 -0.117173
0.999974 0.007937 -0.006045 0.140857 -0.007974 0.999961 -0.006428 -0.278470 0.006001 0.006486 0.999990 -0.117036
0.999962 0.008635 -0.007058 0.140972 -0.008682 0.999952 -0.006992 -0.278276 0.007005 0.007063 0.999980 -0.117363
0.999983 0.007772 -0.004806 0.140142 -0.007804 0.999960 -0.006835 -0.278660 0.004759 0.006882 0.999995 -0.117459
0.999970 0.008263 -0.006223 0.140940 -0.008303 0.999957 -0.006704 -0.278572 0.006174 0.006766 0.999987 -0.116677
0.999969 0.007683 -0.007102 0.141312 -0.007728 0.999962 -0.006683 -0.278255 0.007057 0.006748 0.999981 -0.116995
0.999959 0.007748 -0.008472 0.141826 -0.007801 0.999962 -0.006527 -0.278025 0.008428 0.006603 0.999972 -0.116918
0.999966 0.007867 -0.007341 0.141473 -0.007920 0.999955 -0.007441 -0.278091 0.007289 0.007509 0.999975 -0.117187
0.999962 0.008394 -0.007319 0.141170 -0.008443 0.999954 -0.007070 -0.278361 0.007266 0.007143 0.999977 -0.116909
0.999977 0.007379 -0.006444 0.140580 -0.007418 0.999966 -0.006462 -0.278422 0.006403 0.006521 0.999988 -0.117507
0.999990 0.006999 -0.004986 0.139722 -0.007022 0.999975 -0.005443 -0.278770 0.004955 0.005487 1.000004 -0.117739
0.999974 0.007363 -0.006839 0.140625 -0.007403 0.999967 -0.006229 -0.278409 0.006800 0.006290 0.999986 -0.117490
0.999969 0.007672 -0.007279 0.140995 -0.007722 0.999958 -0.007280 -0.278126 0.007230 0.007347 0.999977 -0.117705
0.999961 0.008336 -0.007703 0.140747 -0.008383 0.999959 -0.006425 -0.278292 0.007656 0.006500 0.999979 -0.117621
0.999953 0.008690 -0.008277 0.140937 -0.008740 0.999956 -0.006304 -0.278270 0.008229 0.006386 0.999975 -0.117439
0.999948 0.008343 -0.009259 0.141170 -0.008399 0.999959 -0.006346 -0.278049 0.009213 0.006434 0.999967 -0.117696
0.999966 0.008240 -0.007183 0.140244 -0.008284 0.999960 -0.006399 -0.278478 0.007137 0.006468 0.999984 -0.117794
0.999946 0.009494 -0.008278 0.140616 -0.009552 0.999943 -0.007358 -0.278407 0.008215 0.007447 0.999969 -0.117492
0.999945 0.009060 -0.008924 0.140982 -0.009121 0.999949 -0.007126 -0.278163 0.008867 0.007217 0.999965 -0.117640
0.999949 0.008883 -0.008650 0.140794 -0.008946 0.999947 -0.007554 -0.278270 0.008590 0.007641 0.999964 -0.117608
0.999938 0.010228 -0.008376 0.140571 -0.010289 0.999934 -0.007624 -0.278494 0.008306 0.007720 0.999966 -0.117329
0.999939 0.010352 -0.008134 0.140077 -0.010412 0.999931 -0.007772 -0.278682 0.008061 0.007867 0.999967 -0.117485
0.999939 0.009866 -0.008801 0.140497 -0.009935 0.999934 -0.008136 -0.278402 0.008728 0.008233 0.999959 -0.117648
0.999934 0.011760 -0.006979 0.139250 -0.011823 0.999907 -0.008986 -0.278947 0.006883 0.009080 0.999968 -0.117844
0.999927 0.010509 -0.009411 0.140422 -0.010583 0.999927 -0.008172 -0.278409 0.009333 0.008282 0.999953 -0.117727
0.999941 0.010065 -0.008261 0.139954 -0.010121 0.999939 -0.007133 -0.278769 0.008197 0.007226 0.999971 -0.117434
0.999933 0.010864 -0.008301 0.139512 -0.010923 0.999930 -0.007332 -0.278880 0.008230 0.007433 0.999969 -0.117712
0.999929 0.011077 -0.008415 0.139645 -0.011134 0.999929 -0.007097 -0.278773 0.008345 0.007201 0.999970 -0.117809
0.999933 0.010459 -0.008682 0.139857 -0.010514 0.999939 -0.006597 -0.279021 0.008621 0.006698 0.999971 -0.116943
0.999937 0.009426 -0.009522 0.140692 -0.009492 0.999944 -0.007360 -0.278467 0.009460 0.007461 0.999959 -0.117257
0.999935 0.011166 -0.008035 0.139774 -0.011229 0.999923 -0.008008 -0.279042 0.007954 0.008112 0.999969 -0.116980
0.999923 0.010063 -0.010301 0.141012 -0.010135 0.999938 -0.007395 -0.278419 0.010234 0.007510 0.999951 -0.116975
0.999929 0.009908 -0.009815 0.140394 -0.009975 0.999941 -0.007175 -0.278589 0.009751 0.007284 0.999957 -0.117336
0.999939 0.008791 -0.009911 0.141085 -0.008862 0.999950 -0.007433 -0.278061 0.009853 0.007531 0.999954 -0.117764
0.999939 0.008513 -0.010160 0.141411 -0.008588 0.999950 -0.007752 -0.277794 0.010101 0.007850 0.999950 -0.118010
0.999942 0.008654 -0.009709 0.140832 -0.008719 0.999954 -0.007045 -0.278106 0.009656 0.007140 0.999959 -0.117978
0.999945 0.009276 -0.008901 0.140431 -0.009345 0.999941 -0.008061 -0.278210 0.008834 0.008155 0.999960 -0.118209
0.999921 0.009301 -0.011179 0.141397 -0.009383 0.999943 -0.007725 -0.277850 0.011114 0.007840 0.999939 -0.117893
0.999929 0.008988 -0.010742 0.141410 -0.009075 0.999941 -0.008400 -0.277987 0.010673 0.008507 0.999939 -0.117531
0.999903 0.009614 -0.012497 0.141871 -0.009703 0.999942 -0.007423 -0.277725 0.012433 0.007554 0.999926 -0.117613
0.999914 0.010625 -0.010712 0.140633 -0.010706 0.999930 -0.007873 -0.278020 0.010636 0.007999 0.999944 -0.118430
0.999915 0.008896 -0.012086 0.141608 -0.008975 0.999954 -0.006844 -0.277635 0.012033 0.006963 0.999935 -0.118175
0.999900 0.008775 -0.013367 0.142234 -0.008862 0.999955 -0.006781 -0.277233 0.013315 0.006911 0.999920 -0.118384
0.999904 0.010531 -0.011704 0.140847 -0.010613 0.999936 -0.007233 -0.277854 0.011636 0.007369 0.999937 -0.118588
0.999911 0.008850 -0.012388 0.141628 -0.008933 0.999953 -0.007023 -0.277675 0.012334 0.007144 0.999930 -0.118052
0.999920 0.009491 -0.011220 0.140965 -0.009582 0.999936 -0.008581 -0.277792 0.011147 0.008700 0.999934 -0.118573
0.999909 0.008731 -0.012782 0.141995 -0.008834 0.999943 -0.008546 -0.277346 0.012715 0.008669 0.999916 -0.118380
0.999925 0.009909 -0.010434 0.140663 -0.009997 0.999929 -0.008949 -0.277923 0.010354 0.009065 0.999940 -0.118618
0.999932 0.010247 -0.009506 0.139837 -0.010337 0.999912 -0.010533 -0.278152 0.009408 0.010643 0.999937 -0.119065
0.999910 0.009649 -0.011963 0.140773 -0.009733 0.999944 -0.007446 -0.277858 0.011900 0.007573 0.999935 -0.118675
0.999907 0.011684 -0.010566 0.139830 -0.011765 0.999920 -0.007977 -0.278351 0.010483 0.008116 0.999949 -0.118622
0.999926 0.009780 -0.010576 0.139678 -0.009842 0.999951 -0.006353 -0.278168 0.010522 0.006468 0.999960 -0.119298
0.999899 0.009622 -0.012852 0.141196 -0.009712 0.999945 -0.007366 -0.277602 0.012789 0.007501 0.999924 -0.118777
0.999889 0.009925 -0.013438 0.141436 -0.010024 0.999940 -0.007690 -0.277629 0.013370 0.007835 0.999915 -0.118407
0.999908 0.009317 -0.012440 0.140869 -0.009419 0.999939 -0.008513 -0.277623 0.012369 0.008640 0.999922 -0.119123
0.999893 0.010362 -0.012777 0.140924 -0.010455 0.999935 -0.007724 -0.277887 0.012705 0.007869 0.999924 -0.118413
0.999883 0.009554 -0.014115 0.141988 -0.009663 0.999940 -0.008105 -0.277457 0.014045 0.008252 0.999902 -0.118130
0.999873 0.009979 -0.014540 0.141811 -0.010089 0.999938 -0.007849 -0.277251 0.014469 0.008006 0.999899 -0.118870
0.999883 0.011018 -0.013203 0.140760 -0.011116 0.999928 -0.007807 -0.277767 0.013125 0.007966 0.999919 -0.118916
0.999867 0.009288 -0.015418 0.142312 -0.009395 0.999949 -0.007228 -0.276865 0.015359 0.007384 0.999890 -0.119206
0.999832 0.010302 -0.017050 0.142804 -0.010423 0.999938 -0.007339 -0.276901 0.016982 0.007527 0.999865 -0.118502
0.999896 0.010030 -0.012959 0.141104 -0.010142 0.999928 -0.009052 -0.277549 0.012876 0.009194 0.999913 -0.119002
0.999901 0.009941 -0.012628 0.140892 -0.010058 0.999924 -0.009616 -0.277705 0.012540 0.009753 0.999913 -0.118877
0.999898 0.010868 -0.012171 0.140317 -0.010968 0.999924 -0.008604 -0.277917 0.012085 0.008748 0.999927 -0.119087
0.999886 0.009350 -0.014286 0.142018 -0.009476 0.999934 -0.009200 -0.276935 0.014208 0.009347 0.999894 -0.119367
0.999880 0.010531 -0.013804 0.141382 -0.010657 0.999919 -0.009532 -0.277494 0.013712 0.009689 0.999898 -0.118785
0.999873 0.011598 -0.013513 0.140942 -0.011728 0.999902 -0.010071 -0.277564 0.013405 0.010240 0.999897 -0.119152
0.999878 0.009227 -0.014910 0.142116 -0.009355 0.999938 -0.008952 -0.277158 0.014836 0.009103 0.999888 -0.118702
0.999876 0.010977 -0.013736 0.141227 -0.011105 0.999913 -0.009687 -0.277498 0.013638 0.009849 0.999897 -0.118965
0.999887 0.010474 -0.013354 0.141426 -0.010614 0.999906 -0.010918 -0.277317 0.013247 0.011070 0.999891 -0.119139
0.999866 0.010965 -0.014511 0.141783 -0.011120 0.999899 -0.011115 -0.277165 0.014397 0.011286 0.999873 -0.119067
0.999878 0.010359 -0.014108 0.141892 -0.010512 0.999903 -0.011314 -0.277054 0.013998 0.011472 0.999877 -0.119196
0.999881 0.010716 -0.013607 0.141301 -0.010862 0.999900 -0.011210 -0.277170 0.013494 0.011368 0.999885 -0.119652
0.999907 0.010574 -0.011772 0.140281 -0.010697 0.999905 -0.010976 -0.277798 0.011664 0.011112 0.999912 -0.119389
0.999897 0.010714 -0.012544 0.140406 -0.010845 0.999904 -0.010875 -0.277665 0.012435 0.011021 0.999904 -0.119564
0.999914 0.010482 -0.011282 0.140342 -0.010602 0.999903 -0.011226 -0.277784 0.011173 0.011356 0.999915 -0.119340
0.999910 0.010247 -0.011861 0.140408 -0.010376 0.999904 -0.011353 -0.277848 0.011752 0.011486 0.999907 -0.119106
0.999901 0.011744 -0.011235 0.139578 -0.011863 0.999891 -0.011123 -0.277790 0.011113 0.011267 0.999917 -0.120273
0.999882 0.011399 -0.013272 0.140564 -0.011536 0.999899 -0.010737 -0.277321 0.013158 0.010902 0.999898 -0.120213
0.999909 0.012633 -0.009677 0.138179 -0.012743 0.999872 -0.011820 -0.278239 0.009537 0.011955 0.999927 -0.120888
0.999887 0.012268 -0.011928 0.139806 -0.012401 0.999879 -0.011610 -0.277727 0.011793 0.011769 0.999904 -0.120138
0.999913 0.011977 -0.010013 0.138783 -0.012077 0.999894 -0.010582 -0.278222 0.009895 0.010714 0.999937 -0.120205
0.999905 0.012812 -0.009765 0.138566 -0.012915 0.999877 -0.011227 -0.278174 0.009630 0.011364 0.999933 -0.120574
0.999919 0.012018 -0.009376 0.138649 -0.012114 0.999891 -0.010842 -0.278220 0.009254 0.010967 0.999941 -0.120367
0.999894 0.013418 -0.010095 0.138358 -0.013531 0.999864 -0.011732 -0.278339 0.009946 0.011879 0.999924 -0.120422
0.999912 0.011096 -0.011144 0.139290 -0.011206 0.999906 -0.010421 -0.278011 0.011036 0.010556 0.999927 -0.120109
0.999910 0.011083 -0.011308 0.139528 -0.011199 0.999903 -0.010772 -0.277878 0.011197 0.010909 0.999922 -0.120132
0.999879 0.011683 -0.013454 0.140306 -0.011825 0.999892 -0.011139 -0.277566 0.013332 0.011307 0.999894 -0.119932
0.999929 0.010922 -0.009753 0.138018 -0.011012 0.999913 -0.009938 -0.278340 0.009654 0.010056 0.999948 -0.120890
0.999906 0.011743 -0.010954 0.138925 -0.011852 0.999898 -0.010492 -0.278212 0.010839 0.010632 0.999929 -0.120065
0.999901 0.011294 -0.011884 0.139549 -0.011413 0.999903 -0.010512 -0.278017 0.011773 0.010659 0.999918 -0.119776
0.999918 0.012096 -0.009569 0.137821 -0.012193 0.999892 -0.010751 -0.278546 0.009448 0.010879 0.999942 -0.120607
0.999892 0.011937 -0.011974 0.139041 -0.012047 0.999905 -0.009600 -0.278129 0.011868 0.009756 0.999926 -0.120147
0.999903 0.012144 -0.010836 0.138850 -0.012256 0.999889 -0.010914 -0.278160 0.010712 0.011058 0.999926 -0.120276
0.999899 0.012896 -0.010323 0.138404 -0.013013 0.999870 -0.011781 -0.278327 0.010181 0.011927 0.999922 -0.120399
0.999883 0.012667 -0.012083 0.139567 -0.012798 0.999878 -0.011343 -0.277809 0.011948 0.011508 0.999907 -0.120243
0.999898 0.012253 -0.011153 0.138739 -0.012370 0.999887 -0.011014 -0.278143 0.011027 0.011163 0.999921 -0.120458
0.999918 0.011517 -0.010163 0.138505 -0.011624 0.999896 -0.011063 -0.278390 0.010045 0.011192 0.999932 -0.120143
0.999918 0.012092 -0.009536 0.137762 -0.012198 0.999882 -0.011671 -0.278537 0.009404 0.011799 0.999932 -0.120689
0.999911 0.012189 -0.010052 0.138208 -0.012303 0.999879 -0.011879 -0.278425 0.009917 0.012014 0.999924 -0.120408
0.999899 0.012014 -0.011359 0.138713 -0.012138 0.999885 -0.011427 -0.278319 0.011230 0.011576 0.999915 -0.120060
0.999907 0.011512 -0.011243 0.138773 -0.011629 0.999898 -0.010859 -0.278361 0.011127 0.011001 0.999922 -0.119893
0.999906 0.011648 -0.011149 0.138662 -0.011764 0.999896 -0.010871 -0.278432 0.011031 0.011014 0.999923 -0.119858
0.999896 0.012098 -0.011558 0.138424 -0.012225 0.999885 -0.011453 -0.278430 0.011428 0.011606 0.999913 -0.120152
0.999899 0.011306 -0.012106 0.138916 -0.011428 0.999904 -0.010451 -0.278152 0.011997 0.010601 0.999917 -0.120242
0.999892 0.011678 -0.012278 0.139142 -0.011807 0.999895 -0.010958 -0.278289 0.012159 0.011115 0.999909 -0.119615
0.999898 0.012645 -0.010890 0.138238 -0.012768 0.999876 -0.011602 -0.278587 0.010753 0.011754 0.999920 -0.119987
0.999860 0.011631 -0.014893 0.140348 -0.011789 0.999895 -0.010970 -0.277704 0.014774 0.011157 0.999876 -0.119561
0.999884 0.011608 -0.013025 0.139467 -0.011742 0.999898 -0.010730 -0.278311 0.012909 0.010895 0.999902 -0.119166
0.999912 0.012041 -0.010380 0.137551 -0.012146 0.999895 -0.010584 -0.278998 0.010262 0.010722 0.999937 -0.119855
0.999916 0.012039 -0.010039 0.137068 -0.012132 0.999903 -0.009814 -0.279213 0.009931 0.009948 0.999949 -0.119942
0.999914 0.012329 -0.009886 0.137208 -0.012425 0.999895 -0.010265 -0.279183 0.009769 0.010400 0.999946 -0.119827
0.999904 0.012207 -0.010938 0.137952 -0.012327 0.999883 -0.011498 -0.278738 0.010806 0.011644 0.999922 -0.119983
0.999896 0.012687 -0.011152 0.137622 -0.012799 0.999888 -0.010485 -0.278916 0.011028 0.010640 0.999930 -0.119970
0.999891 0.014036 -0.010037 0.136808 -0.014141 0.999865 -0.010975 -0.279161 0.009893 0.011131 0.999938 -0.120349
0.999898 0.012012 -0.011718 0.138047 -0.012125 0.999901 -0.010068 -0.278835 0.011606 0.010222 0.999928 -0.119656
0.999882 0.013203 -0.011802 0.137573 -0.013327 0.999876 -0.010939 -0.278791 0.011667 0.011108 0.999918 -0.120330
0.999900 0.012033 -0.011574 0.137783 -0.012142 0.999903 -0.009869 -0.278876 0.011465 0.010022 0.999932 -0.119887
0.999891 0.011808 -0.012495 0.138325 -0.011922 0.999908 -0.009563 -0.278784 0.012392 0.009724 0.999924 -0.119450
0.999908 0.012600 -0.010305 0.136650 -0.012693 0.999898 -0.009596 -0.279131 0.010194 0.009740 0.999949 -0.120661
0.999886 0.012638 -0.012108 0.137747 -0.012746 0.999900 -0.009399 -0.279029 0.011999 0.009565 0.999930 -0.119562
0.999889 0.012451 -0.012069 0.138077 -0.012571 0.999892 -0.010421 -0.278636 0.011949 0.010584 0.999921 -0.120101
0.999874 0.013525 -0.012122 0.137544 -0.013645 0.999879 -0.010387 -0.278663 0.011991 0.010564 0.999920 -0.120691
0.999879 0.012464 -0.012851 0.138399 -0.012599 0.999887 -0.010933 -0.278496 0.012724 0.011107 0.999906 -0.120042
0.999892 0.012809 -0.011443 0.137838 -0.012936 0.999876 -0.011509 -0.278601 0.011306 0.011669 0.999917 -0.120456
0.999889 0.011710 -0.012765 0.138355 -0.011827 0.999910 -0.009573 -0.278520 0.012664 0.009736 0.999921 -0.120066
0.999907 0.012531 -0.010702 0.136813 -0.012636 0.999895 -0.010194 -0.278972 0.010585 0.010343 0.999942 -0.120848
0.999876 0.011907 -0.013580 0.138746 -0.012030 0.999909 -0.009413 -0.278359 0.013478 0.009589 0.999912 -0.119979
0.999887 0.011821 -0.012865 0.138451 -0.011949 0.999901 -0.010390 -0.278290 0.012753 0.010556 0.999912 -0.120495
0.999871 0.012033 -0.013859 0.138778 -0.012166 0.999902 -0.009971 -0.278270 0.013750 0.010152 0.999903 -0.120152
0.999869 0.011895 -0.014133 0.138595 -0.012010 0.999918 -0.008522 -0.278517 0.014042 0.008704 0.999912 -0.119805
0.999856 0.012499 -0.014510 0.138997 -0.012648 0.999889 -0.010718 -0.278186 0.014387 0.010913 0.999886 -0.120072
0.999880 0.012428 -0.012904 0.138027 -0.012554 0.999897 -0.010082 -0.278425 0.012789 0.010257 0.999915 -0.120696
0.999849 0.011992 -0.015417 0.139622 -0.012150 0.999897 -0.010549 -0.277900 0.015301 0.010749 0.999875 -0.120007
0.999868 0.011285 -0.014771 0.139434 -0.011430 0.999909 -0.010244 -0.277947 0.014666 0.010424 0.999888 -0.120132
0.999859 0.012652 -0.014289 0.138580 -0.012807 0.999883 -0.011177 -0.278265 0.014158 0.011373 0.999886 -0.120393
0.999827 0.012349 -0.016579 0.139887 -0.012513 0.999896 -0.010192 -0.277888 0.016462 0.010411 0.999860 -0.119718
0.999822 0.012281 -0.016925 0.140318 -0.012462 0.999888 -0.011080 -0.277564 0.016799 0.011302 0.999845 -0.119960
0.999815 0.012577 -0.017144 0.140398 -0.012764 0.999882 -0.011282 -0.277605 0.017012 0.011512 0.999839 -0.119755
0.999810 0.012655 -0.017347 0.140441 -0.012836 0.999886 -0.010823 -0.277345 0.017220 0.011057 0.999841 -0.120351
0.999832 0.012842 -0.015932 0.139575 -0.013025 0.999873 -0.011831 -0.278111 0.015790 0.012050 0.999854 -0.119528
0.999819 0.011507 -0.017674 0.140719 -0.011686 0.999904 -0.010511 -0.277360 0.017563 0.010729 0.999839 -0.119978
0.999807 0.011544 -0.018326 0.141101 -0.011752 0.999891 -0.011622 -0.276957 0.018201 0.011849 0.999815 -0.120472
0.999789 0.011739 -0.019205 0.141307 -0.011932 0.999903 -0.010335 -0.277108 0.019094 0.010575 0.999813 -0.119872
0.999829 0.011358 -0.017191 0.140598 -0.011547 0.999897 -0.011321 -0.277301 0.017072 0.011530 0.999839 -0.120257
0.999829 0.013044 -0.016114 0.139339 -0.013216 0.999880 -0.010997 -0.277840 0.015981 0.011224 0.999861 -0.120505
0.999824 0.014461 -0.015274 0.138558 -0.014640 0.999851 -0.011950 -0.277841 0.015113 0.012189 0.999865 -0.121443
0.999820 0.012915 -0.016740 0.139695 -0.013101 0.999877 -0.011438 -0.277764 0.016602 0.011671 0.999847 -0.120244
0.999800 0.012861 -0.018042 0.140255 -0.013045 0.999889 -0.010448 -0.277468 0.017918 0.010699 0.999836 -0.120300
0.999847 0.012987 -0.015053 0.138574 -0.013146 0.999883 -0.010899 -0.278115 0.014922 0.011111 0.999880 -0.120782
0.999854 0.012182 -0.015261 0.138733 -0.012337 0.999898 -0.010481 -0.278173 0.015145 0.010683 0.999881 -0.120458
0.999832 0.013518 -0.015581 0.138552 -0.013673 0.999882 -0.010315 -0.278179 0.015452 0.010542 0.999878 -0.120663
0.999834 0.013461 -0.015491 0.138737 -0.013630 0.999873 -0.011200 -0.277874 0.015352 0.011425 0.999870 -0.121163
0.999832 0.014257 -0.014950 0.138146 -0.014418 0.999864 -0.011097 -0.278415 0.014803 0.011327 0.999879 -0.120565
0.999832 0.014410 -0.014810 0.137986 -0.014568 0.999862 -0.010997 -0.278502 0.014663 0.011227 0.999882 -0.120549
0.999832 0.014764 -0.014427 0.137736 -0.014929 0.999849 -0.011764 -0.278580 0.014265 0.011994 0.999880 -0.120652
0.999816 0.013611 -0.016592 0.138780 -0.013781 0.999879 -0.010538 -0.278018 0.016460 0.010782 0.999860 -0.120783
0.999840 0.013881 -0.014780 0.138235 -0.014047 0.999864 -0.011572 -0.278296 0.014630 0.011793 0.999877 -0.120738
0.999845 0.014436 -0.013943 0.137647 -0.014605 0.999846 -0.012456 -0.278295 0.013774 0.012674 0.999879 -0.121444
0.999838 0.014033 -0.014751 0.137899 -0.014192 0.999866 -0.011152 -0.278484 0.014605 0.011375 0.999882 -0.120703
0.999833 0.013297 -0.015803 0.138904 -0.013464 0.999880 -0.010846 -0.278007 0.015670 0.011073 0.999869 -0.120641
0.999836 0.014114 -0.014811 0.138210 -0.014288 0.999855 -0.012072 -0.278309 0.014651 0.012297 0.999871 -0.120729
0.999853 0.013692 -0.014117 0.137804 -0.013851 0.999866 -0.011652 -0.278494 0.013969 0.011861 0.999886 -0.120787
0.999801 0.015877 -0.015459 0.138067 -0.016077 0.999815 -0.013264 -0.278284 0.015257 0.013525 0.999847 -0.120941
0.999848 0.013924 -0.014204 0.137788 -0.014093 0.999855 -0.012279 -0.278437 0.014044 0.012493 0.999877 -0.120932
0.999809 0.014351 -0.016383 0.138811 -0.014543 0.999852 -0.011975 -0.278072 0.016222 0.012227 0.999848 -0.120576
0.999802 0.015494 -0.015825 0.138397 -0.015703 0.999819 -0.013400 -0.278142 0.015629 0.013662 0.999841 -0.120883
0.999822 0.014878 -0.015146 0.137804 -0.015060 0.999841 -0.012285 -0.278358 0.014974 0.012528 0.999865 -0.121110
0.999791 0.013964 -0.017798 0.139471 -0.014167 0.999861 -0.011670 -0.277870 0.017646 0.011936 0.999828 -0.120266
0.999793 0.014147 -0.017480 0.139077 -0.014339 0.999864 -0.011244 -0.277966 0.017332 0.011509 0.999838 -0.120529
