1.000000 -0.000257 0.000271 0.112055 0.000257 1.000000 -0.000080 -0.490018 -0.000271 0.000080 1.000000 0.482646
1.000000 0.000267 0.000954 0.111562 -0.000267 1.000000 -0.001060 -0.490578 -0.000954 0.001060 1.000000 0.482193
1.000000 -0.000347 0.000999 0.111805 0.000347 1.000000 -0.000362 -0.490064 -0.000999 0.000362 1.000000 0.482659
1.000000 -0.000191 -0.002792 0.112008 0.000193 1.000000 0.000763 -0.489831 0.002792 -0.000763 1.000000 0.482853
1.000000 -0.000107 0.000992 0.111912 0.000108 1.000000 -0.000534 -0.490219 -0.000992 0.000534 1.000000 0.482476
0.739262 -0.604261 -0.297255 0.236622 -0.655272 -0.747249 -0.110626 0.239098 -0.155277 0.276564 -0.948368 -0.610300
0.739427 -0.604098 -0.297175 0.236466 -0.655184 -0.747235 -0.111238 0.238403 -0.154861 0.276956 -0.948322 -0.610632
0.739182 -0.604179 -0.297620 0.235843 -0.655245 -0.747318 -0.110314 0.239161 -0.155768 0.276557 -0.948289 -0.610576
-0.868780 -0.315971 -0.381295 -0.128061 -0.213150 0.933608 -0.287998 -0.620604 0.446980 -0.168934 -0.878449 -0.289962
-0.869285 -0.315894 -0.380203 -0.127200 -0.213246 0.933557 -0.288093 -0.620641 0.445948 -0.169358 -0.878891 -0.290260
-0.869666 -0.315022 -0.380056 -0.127317 -0.212357 0.933770 -0.288059 -0.620660 0.445629 -0.169808 -0.878965 -0.290165
0.680606 -0.369124 -0.632869 -0.047301 -0.324059 -0.926387 0.191817 0.509827 -0.657086 0.074535 -0.750122 -0.472719
0.680077 -0.369160 -0.633417 -0.047778 -0.323978 -0.926367 0.192051 0.510017 -0.657674 0.074603 -0.749600 -0.472466
0.680979 -0.369323 -0.632352 -0.046291 -0.324385 -0.926302 0.191674 0.509579 -0.656538 0.074599 -0.750595 -0.473088
0.960175 0.122794 0.250971 0.168770 0.223208 0.203166 -0.953363 -0.534239 -0.168056 0.971415 0.167666 -0.414401
0.960400 0.120899 0.251030 0.170759 0.223615 0.203028 -0.953297 -0.533999 -0.166219 0.971681 0.167954 -0.413896
0.960216 0.121936 0.251231 0.169828 0.223575 0.203387 -0.953230 -0.534402 -0.167330 0.971476 0.168034 -0.413757
0.592555 -0.695542 -0.406325 0.211943 0.239408 -0.329563 0.913276 0.629055 -0.769131 -0.638444 -0.028765 0.212119
0.593726 -0.694583 -0.406256 0.212085 0.239328 -0.329598 0.913284 0.629158 -0.768253 -0.639469 -0.029458 0.211678
0.593066 -0.694899 -0.406678 0.211632 0.239211 -0.330216 0.913091 0.629499 -0.768798 -0.638806 -0.029612 0.211117
-0.914796 0.335892 -0.224330 -0.377037 0.394884 0.626941 -0.671574 -0.586037 -0.084935 -0.702938 -0.706162 -0.005631
-0.915002 0.335113 -0.224658 -0.376956 0.394560 0.627021 -0.671690 -0.586096 -0.084226 -0.703239 -0.705947 -0.005051
-0.914883 0.334930 -0.225414 -0.377261 0.394947 0.626736 -0.671728 -0.585903 -0.083706 -0.703580 -0.705670 -0.004428
-0.738195 0.618203 -0.269990 -0.517310 0.365704 0.030422 -0.930234 -0.421703 -0.566860 -0.785430 -0.248537 0.200461
-0.739285 0.616818 -0.270173 -0.517320 0.364894 0.029742 -0.930574 -0.421206 -0.565960 -0.786544 -0.247061 0.201486
-0.738344 0.618044 -0.269946 -0.516964 0.365162 0.029835 -0.930466 -0.421828 -0.567015 -0.785578 -0.247715 0.201087
-0.727072 0.686394 -0.015209 -0.427606 0.361988 0.364429 -0.857995 -0.550236 -0.583380 -0.629330 -0.513433 -0.005271
-0.726285 0.687250 -0.014085 -0.426903 0.361697 0.364656 -0.858022 -0.550764 -0.584539 -0.628263 -0.513420 -0.006801
-0.726292 0.687212 -0.015464 -0.427715 0.362070 0.363342 -0.858422 -0.550138 -0.584299 -0.629064 -0.512712 -0.006483
-0.260880 0.062221 -0.963364 -0.524518 -0.129981 -0.991098 -0.028814 0.457196 -0.956581 0.117702 0.266645 -0.038490
-0.261314 0.061511 -0.963292 -0.524357 -0.129819 -0.991141 -0.028073 0.457409 -0.956485 0.117718 0.266983 -0.038153
-0.261177 0.062556 -0.963262 -0.525270 -0.131590 -0.990890 -0.028671 0.456216 -0.956280 0.119267 0.267029 -0.039926
-0.038611 0.404361 0.913785 0.237244 -0.636054 0.695339 -0.334573 -0.574862 -0.770678 -0.594135 0.230348 0.314452
-0.037871 0.405036 0.913516 0.237678 -0.635813 0.695487 -0.334724 -0.574646 -0.770914 -0.593502 0.231188 0.314513
-0.037656 0.405089 0.913502 0.237791 -0.636303 0.695151 -0.334491 -0.574436 -0.770520 -0.593859 0.231583 0.314812
0.978316 0.167591 -0.121699 -0.029655 -0.022499 0.670103 0.741927 0.026733 0.205891 -0.723101 0.659343 0.695724
0.978092 0.168012 -0.122924 -0.030025 -0.022054 0.670780 0.741329 0.026339 0.207007 -0.722376 0.659789 0.695724
0.978431 0.167336 -0.121128 -0.029294 -0.022828 0.670356 0.741688 0.026481 0.205310 -0.722926 0.659717 0.695749
-0.904487 -0.026301 -0.425689 -0.294959 -0.056347 0.996717 0.058142 -0.467019 0.422762 0.076575 -0.903000 -0.424875
-0.903668 -0.025749 -0.427460 -0.297204 -0.056427 0.996647 0.059256 -0.465769 0.424500 0.077669 -0.902092 -0.424688
-0.903579 -0.025825 -0.427644 -0.297004 -0.056454 0.996655 0.059097 -0.466028 0.424687 0.077541 -0.902015 -0.424543
0.605548 0.794584 0.044168 -0.297224 0.795590 -0.605752 -0.010115 0.383148 0.018718 0.041264 -0.998974 -0.500494
0.606554 0.793943 0.041804 -0.299152 0.794853 -0.606718 -0.010110 0.383302 0.017337 0.039360 -0.999075 -0.499218
0.606441 0.794026 0.041866 -0.298786 0.794929 -0.606629 -0.009522 0.383596 0.017837 0.039055 -0.999079 -0.499214
-0.960306 0.272801 0.058249 -0.215368 0.237958 0.692159 0.681389 0.017078 0.145566 0.668203 -0.729600 -0.662537
-0.960095 0.273622 0.057877 -0.216371 0.238199 0.691566 0.681907 0.017827 0.146559 0.668482 -0.729146 -0.662193
-0.960017 0.273702 0.058778 -0.215640 0.238918 0.691642 0.681579 0.017523 0.145896 0.668371 -0.729380 -0.662436
0.262918 0.937608 0.227522 -0.318740 0.786790 -0.344846 0.511901 0.506098 0.558423 0.044424 -0.828367 -0.357633
0.263736 0.937376 0.227532 -0.318826 0.785729 -0.345597 0.513024 0.507251 0.559531 0.043476 -0.827669 -0.355925
0.263046 0.937442 0.228056 -0.318331 0.785877 -0.345314 0.512987 0.507358 0.559647 0.044285 -0.827548 -0.356218
-0.510002 0.143860 -0.848060 -0.538484 -0.070210 0.975664 0.207728 -0.385552 0.857305 0.165483 -0.487490 -0.216852
-0.512505 0.143296 -0.846645 -0.537075 -0.069911 0.975741 0.207466 -0.386169 0.855834 0.165518 -0.490054 -0.219218
-0.511259 0.144771 -0.847145 -0.538447 -0.070345 0.975354 0.209135 -0.384502 0.856543 0.166515 -0.488475 -0.218782
0.820740 0.374720 0.431244 0.118773 -0.013062 -0.742338 0.669899 0.685097 0.571154 -0.555446 -0.604371 0.046591
0.821710 0.373728 0.430258 0.118112 -0.013035 -0.742440 0.669786 0.685230 0.569758 -0.555978 -0.605198 0.046252
0.821282 0.374775 0.430164 0.117842 -0.011609 -0.742847 0.669360 0.685394 0.570405 -0.554727 -0.605736 0.044451
0.566577 -0.500060 0.654928 0.625488 -0.729577 -0.673881 0.116624 0.303242 0.383025 -0.543898 -0.746638 -0.049368
0.565641 -0.500153 0.655666 0.625888 -0.730368 -0.673012 0.116701 0.302718 0.382903 -0.544889 -0.745978 -0.047556
0.565501 -0.499878 0.655996 0.625822 -0.730133 -0.673331 0.116324 0.302666 0.383555 -0.544746 -0.745747 -0.048675
-0.768117 0.624061 -0.143361 -0.462455 0.633107 0.773688 -0.024198 -0.319195 0.095817 -0.109346 -0.989379 -0.412166
-0.766782 0.624750 -0.147432 -0.466413 0.634061 0.772964 -0.022217 -0.316832 0.100079 -0.110516 -0.988824 -0.409538
-0.766725 0.624873 -0.147201 -0.466081 0.634107 0.772942 -0.021693 -0.316579 0.100222 -0.109973 -0.988871 -0.410107
0.480982 0.330615 -0.812003 -0.496865 -0.729235 0.665006 -0.161192 -0.488634 0.486695 0.669673 0.560953 -0.002863
0.481258 0.330816 -0.811758 -0.496867 -0.729019 0.665268 -0.161088 -0.488633 0.486747 0.669312 0.561337 -0.002531
0.481111 0.330566 -0.811947 -0.496590 -0.728425 0.666075 -0.160444 -0.488917 0.487780 0.668635 0.561248 -0.002989
-0.118554 -0.822393 0.556432 0.657639 0.991894 -0.072284 0.104500 0.200606 -0.045719 0.564310 0.824297 0.113643
-0.118405 -0.822923 0.555678 0.657499 0.991916 -0.072302 0.104285 0.200721 -0.045642 0.563534 0.824831 0.114249
-0.118529 -0.823409 0.554931 0.657132 0.991974 -0.073403 0.102962 0.200889 -0.044046 0.562681 0.825502 0.116049
-0.001675 0.786842 0.617153 -0.090285 -0.605280 -0.492059 0.625711 0.472124 0.796011 -0.372502 0.477084 0.504575
-0.001157 0.787431 0.616402 -0.090890 -0.604559 -0.491553 0.626806 0.472651 0.796560 -0.371926 0.476617 0.503972
-0.001051 0.786522 0.617562 -0.090284 -0.605051 -0.492195 0.625825 0.472490 0.796186 -0.372999 0.476404 0.504232
0.243556 0.963348 -0.112432 -0.498849 0.968946 -0.246784 -0.015530 0.225755 -0.042707 -0.105158 -0.993538 -0.431076
0.243135 0.963470 -0.112302 -0.499074 0.969074 -0.246308 -0.015090 0.226176 -0.042199 -0.105160 -0.993560 -0.430601
0.243094 0.963527 -0.111896 -0.498620 0.969100 -0.246222 -0.014831 0.226314 -0.041842 -0.104833 -0.993610 -0.431053
-0.762170 0.341414 0.550031 0.007847 0.620183 0.628735 0.469111 -0.011428 -0.185663 0.698663 -0.690941 -0.696748
-0.762390 0.340794 0.550110 0.008308 0.619779 0.629015 0.469269 -0.011759 -0.186104 0.698713 -0.690772 -0.696736
-0.762779 0.339667 0.550268 0.009197 0.619054 0.629529 0.469537 -0.012037 -0.186924 0.698798 -0.690464 -0.696718
-0.906312 -0.421347 0.032628 0.117655 0.422239 -0.899590 0.111588 0.544770 -0.017665 0.114910 0.993219 0.418370
-0.906260 -0.421490 0.032252 0.117851 0.422358 -0.899682 0.110394 0.544316 -0.017514 0.113668 0.993365 0.418904
-0.906027 -0.421787 0.034848 0.117888 0.422967 -0.899511 0.109463 0.543579 -0.014825 0.113914 0.993383 0.419858
-0.432840 -0.823339 -0.367103 0.178526 0.798239 -0.160828 -0.580474 -0.106776 0.418885 -0.544288 0.726834 0.665118
-0.432872 -0.823936 -0.365721 0.178963 0.798087 -0.161644 -0.580455 -0.106587 0.419141 -0.543140 0.727544 0.665028
-0.432771 -0.823687 -0.366402 0.178658 0.798443 -0.161503 -0.580005 -0.106837 0.418567 -0.543560 0.727561 0.665067
0.413117 -0.900030 0.138853 0.557183 -0.906977 -0.392895 0.151745 0.160687 -0.082020 -0.188625 -0.978618 -0.386496
0.413206 -0.899968 0.138993 0.557126 -0.906940 -0.392964 0.151790 0.160907 -0.081987 -0.188779 -0.978592 -0.386485
0.413076 -0.900094 0.138559 0.556528 -0.907071 -0.393080 0.150699 0.160287 -0.081178 -0.187933 -0.978822 -0.387597
0.072080 -0.995776 0.056872 0.525392 -0.987980 -0.063464 0.140955 -0.015322 -0.136751 -0.066349 -0.988382 -0.457577
0.073353 -0.995610 0.058144 0.526252 -0.987985 -0.064592 0.140409 -0.015208 -0.136038 -0.067745 -0.988385 -0.456596
0.072002 -0.995776 0.056979 0.525082 -0.988115 -0.063436 0.140021 -0.016275 -0.135815 -0.066383 -0.988508 -0.457901
0.318866 -0.811306 0.490009 0.671072 -0.121467 0.477753 0.870057 0.168544 -0.939985 -0.336950 0.053792 0.083092
0.318002 -0.810962 0.491137 0.671517 -0.123029 0.478350 0.869509 0.167659 -0.940074 -0.336930 0.052344 0.081308
0.318257 -0.810806 0.491229 0.671335 -0.121819 0.478899 0.869377 0.167622 -0.940145 -0.336527 0.053641 0.082819
0.903688 0.232603 0.359506 0.163363 0.015121 0.821731 -0.569675 -0.675711 -0.427925 0.520245 0.739071 0.048834
0.903200 0.232768 0.360624 0.163482 0.015873 0.821495 -0.569996 -0.675740 -0.428927 0.520544 0.738279 0.048036
0.903410 0.232672 0.360159 0.163452 0.015772 0.821365 -0.570185 -0.675715 -0.428488 0.520791 0.738359 0.048443
0.749642 0.661036 -0.032689 -0.253516 -0.584752 0.684650 0.435110 -0.196210 0.310004 -0.307061 0.899784 0.618781
0.750140 0.660557 -0.030917 -0.252850 -0.584609 0.684293 0.435861 -0.195724 0.309067 -0.308882 0.899484 0.619207
0.750195 0.660457 -0.031700 -0.253601 -0.584387 0.684693 0.435531 -0.196388 0.309354 -0.308208 0.899615 0.618690
0.899968 -0.193677 0.390573 0.387364 -0.031517 0.864650 0.501386 -0.188358 -0.434816 -0.463541 0.772054 0.547837
0.899518 -0.194118 0.391389 0.387288 -0.032062 0.864118 0.502267 -0.188287 -0.435705 -0.464347 0.771066 0.547913
0.899868 -0.193494 0.390894 0.387088 -0.032478 0.863997 0.502448 -0.188221 -0.434952 -0.464832 0.771199 0.548081
0.587403 -0.202763 0.783484 0.543140 0.779489 -0.118566 -0.615093 -0.146452 0.217614 0.972024 0.088406 -0.411347
0.586029 -0.203679 0.784275 0.544064 0.780414 -0.118528 -0.613926 -0.145710 0.218002 0.971837 0.089493 -0.410387
0.586893 -0.205201 0.783231 0.544382 0.779435 -0.118679 -0.615140 -0.145967 0.219180 0.971499 0.090289 -0.409879
-0.496889 -0.782718 0.374772 0.507526 -0.174908 0.513323 0.840183 0.129873 -0.850005 0.351927 -0.391968 -0.459570
-0.498433 -0.781783 0.374679 0.506845 -0.173660 0.513470 0.840353 0.130444 -0.849360 0.353792 -0.391692 -0.460156
-0.496668 -0.783358 0.373725 0.507491 -0.175594 0.512374 0.840619 0.130401 -0.849993 0.351884 -0.392033 -0.459459
0.218318 0.628788 -0.746300 -0.642242 0.233111 -0.776211 -0.585796 0.128305 -0.947627 -0.046080 -0.316039 -0.238150
0.217845 0.630794 -0.744745 -0.642384 0.232733 -0.774633 -0.588032 0.126043 -0.947829 -0.045226 -0.315556 -0.238981
0.216840 0.628920 -0.746619 -0.642632 0.232815 -0.776065 -0.586107 0.127816 -0.948039 -0.046733 -0.314705 -0.237357
0.175269 0.957552 -0.228858 -0.560754 0.758478 -0.279533 -0.588704 -0.056972 -0.627688 -0.070402 -0.775275 -0.409832
0.175721 0.957086 -0.230457 -0.561362 0.759046 -0.280797 -0.587372 -0.055183 -0.626876 -0.071712 -0.775815 -0.409253
0.176514 0.957526 -0.228009 -0.559783 0.758373 -0.279968 -0.588632 -0.056782 -0.627466 -0.069014 -0.775580 -0.411184
-0.004502 0.957919 -0.287003 -0.609683 0.967001 0.077282 0.242772 0.190964 0.254736 -0.276438 -0.926657 -0.278356
-0.004875 0.957708 -0.287699 -0.609976 0.967341 0.077431 0.241362 0.189904 0.253431 -0.277127 -0.926809 -0.278431
-0.004747 0.957536 -0.288276 -0.610175 0.967146 0.077671 0.242068 0.190202 0.254179 -0.277655 -0.926446 -0.277794
0.847716 0.528250 -0.048268 -0.184056 0.199559 -0.401904 -0.893672 -0.207423 -0.491482 0.747947 -0.446118 -0.639346
0.847482 0.528494 -0.049668 -0.185687 0.199207 -0.403377 -0.893087 -0.206266 -0.492027 0.746981 -0.447134 -0.639244
0.846651 0.529777 -0.050213 -0.187417 0.199141 -0.402923 -0.893306 -0.206442 -0.493485 0.746319 -0.446636 -0.638682
0.994999 0.098921 -0.013971 0.061072 0.037145 -0.236505 0.970920 0.586206 0.092740 -0.966583 -0.238997 0.371885
0.995112 0.097718 -0.014248 0.060719 0.037063 -0.235837 0.971086 0.585898 0.091532 -0.966867 -0.238306 0.372420
0.995277 0.095826 -0.015615 0.059991 0.037958 -0.236029 0.971004 0.585883 0.089361 -0.967010 -0.238553 0.372555
0.916900 0.290223 0.273978 0.095006 0.199784 -0.928016 0.314441 0.630669 0.345514 -0.233575 -0.908880 -0.280868
0.917095 0.289894 0.273676 0.094677 0.199348 -0.927949 0.314916 0.631201 0.345250 -0.234251 -0.908807 -0.279794
0.915973 0.291565 0.275658 0.095912 0.200545 -0.927709 0.314861 0.630747 0.347533 -0.233123 -0.908228 -0.280395
0.508590 0.036490 0.860236 0.453849 -0.806564 -0.329452 0.490833 0.303409 0.301317 -0.943467 -0.138125 0.433157
0.508428 0.032209 0.860508 0.454528 -0.807747 -0.328468 0.489546 0.303023 0.298416 -0.943971 -0.140983 0.432726
0.507666 0.034249 0.860874 0.454663 -0.807761 -0.328624 0.489418 0.302688 0.299666 -0.943841 -0.139164 0.432806
0.095046 0.822218 -0.561181 -0.663250 0.255206 0.524767 0.812091 0.159337 0.962205 -0.220401 -0.159958 0.142722
0.095358 0.822737 -0.560367 -0.662716 0.253569 0.524286 0.812912 0.160240 0.962606 -0.219609 -0.158626 0.144212
0.096785 0.822441 -0.560557 -0.662638 0.253235 0.524317 0.812997 0.160031 0.962552 -0.220639 -0.157525 0.144796
0.268181 0.931899 -0.244222 -0.545120 0.662545 0.005623 0.749001 0.432794 0.699367 -0.362675 -0.615917 -0.034685
0.267254 0.932298 -0.243713 -0.544995 0.662664 0.005809 0.748894 0.432852 0.699608 -0.361645 -0.616248 -0.035810
0.267447 0.932104 -0.244244 -0.545172 0.662730 0.006065 0.748833 0.432703 0.699472 -0.362141 -0.616111 -0.034988
0.435325 -0.880140 0.189340 0.575289 -0.716482 -0.466048 -0.519089 -0.101873 0.545113 0.090314 -0.833487 -0.379919
0.436853 -0.879782 0.187467 0.573744 -0.716275 -0.466288 -0.519159 -0.102175 0.544160 0.092518 -0.833864 -0.382147
0.437488 -0.879916 0.185360 0.572704 -0.716963 -0.465739 -0.518703 -0.102327 0.542744 0.094029 -0.834622 -0.383662
0.568239 -0.354551 0.742562 0.596558 0.822861 0.247343 -0.511588 -0.271342 -0.002284 0.901729 0.432296 -0.236964
0.568650 -0.354878 0.742092 0.596400 0.822575 0.248218 -0.511623 -0.271884 -0.002637 0.901361 0.433063 -0.236745
0.568390 -0.352339 0.743500 0.595532 0.822752 0.247428 -0.511722 -0.272007 -0.003664 0.902574 0.430523 -0.238772
0.537213 0.085169 0.839136 0.422706 -0.670208 0.647127 0.363385 -0.222146 -0.512078 -0.757610 0.404725 0.507570
0.538083 0.085289 0.838567 0.422653 -0.670276 0.646519 0.364340 -0.221464 -0.511076 -0.758115 0.405048 0.507915
0.536589 0.083865 0.839667 0.423081 -0.670439 0.646619 0.363860 -0.221952 -0.512429 -0.758189 0.403195 0.507347
0.320865 -0.099540 0.941881 0.538131 -0.423192 -0.904738 0.048551 0.419190 0.847323 -0.414175 -0.332424 0.142653
0.322980 -0.102061 0.940889 0.538153 -0.425115 -0.903874 0.047881 0.419133 0.845557 -0.415451 -0.335319 0.142797
0.321230 -0.100882 0.941613 0.538434 -0.424266 -0.904273 0.047856 0.418780 0.846647 -0.414866 -0.333279 0.142728
0.074371 -0.707004 -0.703289 0.019728 -0.888300 -0.367471 0.275479 0.210066 -0.453204 0.604244 -0.655361 -0.664184
0.076671 -0.708232 -0.701807 0.022702 -0.888640 -0.367738 0.274022 0.209177 -0.452152 0.602644 -0.657557 -0.664384
0.075364 -0.707658 -0.702525 0.021055 -0.888770 -0.367108 0.274446 0.208988 -0.452116 0.603699 -0.656611 -0.664490
-0.112787 -0.951897 -0.284904 0.320378 0.613596 -0.292254 0.733545 0.566456 -0.781524 -0.092082 0.617043 0.249332
-0.113853 -0.952287 -0.283179 0.319946 0.615680 -0.291329 0.732168 0.565778 -0.779731 -0.090990 0.619473 0.251374
-0.112366 -0.951856 -0.285211 0.320318 0.613863 -0.292202 0.733341 0.566178 -0.781375 -0.092678 0.617143 0.250028
0.270666 -0.450630 -0.850689 -0.153679 0.896881 0.439114 0.052754 -0.086923 0.349778 -0.777246 0.523015 0.674163
0.271445 -0.451048 -0.850220 -0.153637 0.896677 0.439487 0.053126 -0.086838 0.349698 -0.776793 0.523741 0.674179
0.272066 -0.451229 -0.849926 -0.153715 0.896616 0.439546 0.053656 -0.086595 0.349371 -0.776655 0.524164 0.674189
-0.070674 -0.996212 0.050685 0.506286 -0.819082 0.028958 -0.572945 -0.384138 0.569308 -0.082007 -0.818025 -0.285950
-0.071954 -0.996046 0.052118 0.507437 -0.819484 0.029251 -0.572355 -0.383679 0.568567 -0.083893 -0.818349 -0.284539
-0.072092 -0.996035 0.052138 0.507777 -0.820015 0.029433 -0.571586 -0.383287 0.567785 -0.083960 -0.818886 -0.284472
0.360145 -0.136330 -0.922884 -0.334455 0.108133 -0.976496 0.186447 0.582143 -0.926611 -0.166943 -0.336939 -0.186806
0.362925 -0.135899 -0.921855 -0.332135 0.108217 -0.976467 0.186554 0.583010 -0.925513 -0.167465 -0.339678 -0.188298
0.361332 -0.135990 -0.922468 -0.333216 0.108530 -0.976450 0.186459 0.583008 -0.926100 -0.167489 -0.338064 -0.186353
0.680051 -0.531373 -0.505147 0.098839 -0.246212 -0.814501 0.525328 0.624222 -0.690588 -0.232876 -0.684732 -0.293670
0.681118 -0.530474 -0.504655 0.099646 -0.245883 -0.814951 0.524782 0.624348 -0.689652 -0.233353 -0.685512 -0.293149
0.680334 -0.531250 -0.504895 0.099030 -0.246730 -0.814704 0.524768 0.623644 -0.690123 -0.232445 -0.685346 -0.294834
-0.429044 -0.878848 0.208683 0.483258 -0.847146 0.311318 -0.430611 -0.458286 0.313474 -0.361536 -0.878081 -0.205210
-0.428996 -0.878767 0.209121 0.483647 -0.847111 0.310999 -0.430908 -0.458062 0.313632 -0.362007 -0.877831 -0.204790
-0.428985 -0.878970 0.208289 0.483046 -0.847306 0.311615 -0.430082 -0.458247 0.313123 -0.360983 -0.878434 -0.205795
-0.224413 -0.971288 -0.078988 0.415371 -0.085868 0.100450 -0.991230 -0.533463 0.970704 -0.215662 -0.105944 0.169015
-0.224709 -0.971190 -0.079342 0.414903 -0.084883 0.100624 -0.991297 -0.533823 0.970722 -0.216018 -0.105049 0.168990
-0.224668 -0.971114 -0.080384 0.414671 -0.085393 0.101797 -0.991134 -0.534125 0.970686 -0.215812 -0.105796 0.168621
-0.834234 0.468276 0.291155 -0.188250 -0.428899 -0.219201 -0.876354 -0.360948 -0.346554 -0.855961 0.383708 0.565638
-0.834579 0.467588 0.291270 -0.188338 -0.428626 -0.219028 -0.876531 -0.361086 -0.346059 -0.856381 0.383217 0.565525
-0.834780 0.466725 0.292082 -0.187863 -0.428983 -0.218804 -0.876412 -0.361006 -0.345134 -0.856910 0.382871 0.565740
-0.711128 0.663686 0.231986 -0.298700 0.058803 -0.272662 0.960311 0.600965 0.700599 0.696546 0.154871 -0.187843
-0.710825 0.663871 0.232386 -0.298529 0.059048 -0.272901 0.960229 0.601048 0.700886 0.696276 0.154785 -0.187851
-0.711584 0.663332 0.231603 -0.298948 0.059258 -0.271801 0.960527 0.600403 0.700098 0.697220 0.154102 -0.189251
-0.855572 -0.057065 -0.514529 -0.317163 -0.474087 0.485592 0.734468 0.057394 0.207939 0.872322 -0.442512 -0.617880
-0.855955 -0.055099 -0.514109 -0.318560 -0.472865 0.485608 0.735246 0.057876 0.209142 0.872441 -0.441711 -0.617119
-0.855503 -0.057519 -0.514594 -0.316545 -0.474093 0.486625 0.733779 0.055972 0.208208 0.871716 -0.443578 -0.618334
0.086538 -0.884859 -0.457751 0.227368 -0.093604 0.450221 -0.887997 -0.657844 0.991842 0.119693 -0.043865 0.034814
0.089830 -0.884441 -0.457931 0.226060 -0.095000 0.450083 -0.887920 -0.658303 0.991421 0.123265 -0.043592 0.034679
0.087336 -0.884798 -0.457717 0.226921 -0.093701 0.450139 -0.888028 -0.658018 0.991762 0.120446 -0.043593 0.034333
0.862397 -0.493502 -0.112812 0.289649 -0.011014 0.204503 -0.978804 -0.571096 0.506112 0.845361 0.170927 -0.274991
0.862936 -0.492388 -0.113556 0.288702 -0.012449 0.203942 -0.978905 -0.571167 0.505161 0.846146 0.169859 -0.275832
0.862141 -0.493704 -0.113889 0.289569 -0.011977 0.204856 -0.978719 -0.571083 0.506528 0.845157 0.170702 -0.275112
0.133172 -0.989976 0.047037 0.525387 0.933234 0.109278 -0.342246 -0.108714 0.333675 0.089474 0.938432 0.444765
0.132786 -0.989943 0.048813 0.525665 0.933456 0.108349 -0.341937 -0.108097 0.333208 0.090969 0.938456 0.444584
0.133073 -0.989952 0.047830 0.525312 0.933402 0.108953 -0.341892 -0.108494 0.333245 0.090141 0.938521 0.444902
-0.183289 0.974791 -0.127232 -0.561953 -0.981991 -0.175518 0.069909 0.004944 0.045816 0.137754 0.989406 0.412127
-0.183670 0.974627 -0.127935 -0.562013 -0.981931 -0.175877 0.069854 0.005090 0.045581 0.138454 0.989320 0.412039
-0.183256 0.974772 -0.127423 -0.561821 -0.982033 -0.175581 0.069159 0.004929 0.045041 0.137808 0.989435 0.412299
-0.907345 -0.090106 -0.410618 -0.258750 -0.047618 -0.948445 0.313348 0.611136 -0.417683 0.303868 0.856275 0.212653
-0.907644 -0.089141 -0.410166 -0.259336 -0.048602 -0.948296 0.313644 0.611155 -0.416917 0.304612 0.856383 0.211904
-0.907994 -0.088951 -0.409434 -0.259411 -0.048575 -0.948266 0.313739 0.610902 -0.416159 0.304761 0.856699 0.212532
0.275784 -0.254341 -0.926960 -0.286884 -0.332767 -0.929988 0.156169 0.493273 -0.901781 0.265393 -0.341112 -0.400064
0.276075 -0.254747 -0.926761 -0.286235 -0.331903 -0.930188 0.156817 0.494173 -0.902011 0.264301 -0.341353 -0.399417
0.276231 -0.255478 -0.926514 -0.285700 -0.332853 -0.929793 0.157145 0.493757 -0.901613 0.264985 -0.341875 -0.400320
0.818292 -0.325279 0.473911 0.483137 0.275062 0.945541 0.174049 -0.349821 -0.504716 -0.012068 0.863201 0.360383
0.818517 -0.325233 0.473554 0.483219 0.275107 0.945557 0.173892 -0.349972 -0.504328 -0.012055 0.863428 0.360135
0.817883 -0.325261 0.474630 0.483110 0.275064 0.945552 0.173988 -0.349967 -0.505379 -0.011748 0.862818 0.360269
0.768016 -0.476884 0.427474 0.529970 0.410956 -0.144962 -0.900057 -0.311462 0.491190 0.866931 0.084645 -0.328331
0.767383 -0.477545 0.427873 0.530279 0.411839 -0.144364 -0.899749 -0.311270 0.491440 0.866666 0.085890 -0.328016
0.767624 -0.476584 0.428510 0.529965 0.412020 -0.145167 -0.899537 -0.311079 0.490910 0.867061 0.084929 -0.328694
0.943351 0.326947 0.056529 -0.022974 -0.250356 0.589588 0.767925 0.047956 0.217742 -0.738575 0.638041 0.694875
0.943512 0.326403 0.056983 -0.023354 -0.250285 0.589386 0.768103 0.048195 0.217127 -0.738976 0.637786 0.694840
0.943513 0.326752 0.054928 -0.023490 -0.248921 0.589604 0.768379 0.048364 0.218684 -0.738648 0.637634 0.694830
0.983740 -0.110288 -0.141764 0.100964 0.178600 0.517068 0.837106 0.167413 -0.019019 -0.848811 0.528359 0.668913
0.983561 -0.108850 -0.144083 0.100113 0.179798 0.516233 0.837363 0.168007 -0.016766 -0.849503 0.527318 0.668900
0.983460 -0.110058 -0.143859 0.100386 0.180225 0.515297 0.837848 0.168379 -0.018081 -0.849916 0.526608 0.668763
0.069509 -0.967290 -0.243966 0.367509 0.919601 0.156919 -0.360157 -0.141654 0.386659 -0.199317 0.900427 0.574933
0.069693 -0.967191 -0.244304 0.367594 0.919719 0.157144 -0.359755 -0.141452 0.386343 -0.199619 0.900496 0.574932
0.069105 -0.967179 -0.244520 0.367094 0.919975 0.156581 -0.359346 -0.140985 0.385839 -0.200120 0.900600 0.575362
0.757431 -0.425426 -0.495290 0.061709 -0.592625 -0.766337 -0.248043 0.189091 -0.274036 0.481396 -0.832564 -0.667922
0.755219 -0.426726 -0.497548 0.060354 -0.594745 -0.765205 -0.246465 0.189301 -0.275553 0.482044 -0.831689 -0.667979
0.756549 -0.426167 -0.496000 0.061375 -0.593721 -0.765554 -0.247834 0.188526 -0.274097 0.481984 -0.832203 -0.668109
-0.694271 -0.260932 -0.670748 -0.274532 0.719068 -0.290952 -0.631101 -0.074560 -0.030481 -0.920468 0.389627 0.636199
-0.694949 -0.260258 -0.670308 -0.274496 0.718403 -0.291125 -0.631778 -0.074769 -0.030718 -0.920604 0.389287 0.636191
-0.694940 -0.259898 -0.670457 -0.274122 0.718410 -0.290852 -0.631897 -0.074881 -0.030775 -0.920792 0.388838 0.636340
-0.162532 -0.784584 0.598340 0.653944 0.012183 -0.607953 -0.793880 -0.079444 0.986628 -0.121742 0.108371 0.227415
-0.161723 -0.785058 0.597939 0.653965 0.011274 -0.607345 -0.794359 -0.079749 0.986773 -0.121726 0.107073 0.227270
-0.163970 -0.784805 0.597659 0.653624 0.011612 -0.607353 -0.794348 -0.079541 0.986398 -0.123309 0.108701 0.228311
-0.441534 -0.723884 0.530133 0.558273 0.894352 -0.307659 0.324780 0.412380 -0.072004 0.617527 0.783248 0.062860
-0.440999 -0.725082 0.528940 0.558730 0.894477 -0.306680 0.325358 0.411818 -0.073696 0.616607 0.783814 0.062513
-0.440419 -0.724414 0.530337 0.558725 0.894849 -0.306400 0.324600 0.411953 -0.072649 0.617531 0.783185 0.061738
-0.873164 0.433554 -0.222747 -0.422812 0.484941 0.818798 -0.307252 -0.493420 0.049174 -0.376300 -0.925192 -0.251885
-0.873027 0.434147 -0.222130 -0.422403 0.485241 0.818764 -0.306867 -0.493651 0.048647 -0.375690 -0.925468 -0.252111
-0.871959 0.434905 -0.224834 -0.425111 0.486902 0.818344 -0.305359 -0.491814 0.051189 -0.375729 -0.925316 -0.251193
-0.697099 -0.518663 -0.495018 -0.063113 0.504345 -0.845458 0.175607 0.559872 -0.509597 -0.127244 0.850953 0.410172
-0.697266 -0.519349 -0.494063 -0.062982 0.505570 -0.844924 0.174663 0.559336 -0.508157 -0.127998 0.851703 0.410927
-0.696911 -0.518098 -0.495874 -0.063185 0.503203 -0.845926 0.176628 0.560669 -0.510984 -0.126432 0.850243 0.409074
-0.298141 0.152836 -0.942207 -0.561604 -0.809662 0.482289 0.334433 -0.172619 0.505529 0.862578 -0.020045 -0.374810
-0.297938 0.153798 -0.942117 -0.562604 -0.810368 0.480871 0.334770 -0.171378 0.504522 0.863203 -0.018638 -0.373877
-0.298716 0.151396 -0.942257 -0.560365 -0.808974 0.483626 0.334168 -0.173748 0.506292 0.862082 -0.021991 -0.376150
-0.056034 -0.988230 0.142355 0.547504 0.688418 0.065029 0.722398 0.395622 -0.723150 0.138475 0.676671 0.171450
-0.057551 -0.988304 0.141227 0.547140 0.686976 0.063441 0.723905 0.396839 -0.724398 0.138681 0.675290 0.169816
-0.056044 -0.988576 0.139922 0.547048 0.687709 0.063375 0.723216 0.396252 -0.723821 0.136758 0.676300 0.171464
-0.259236 -0.397398 0.880269 0.586773 0.950704 -0.265587 0.160079 0.319617 0.170173 0.878374 0.446658 -0.198046
-0.259640 -0.394755 0.881339 0.585564 0.950413 -0.266230 0.160743 0.320716 0.171184 0.879371 0.444303 -0.199869
-0.258394 -0.394756 0.881705 0.586064 0.950846 -0.265165 0.159937 0.319735 0.170661 0.879692 0.443869 -0.199962
0.008696 -0.732004 -0.681245 0.035548 -0.206113 -0.667954 0.715091 0.646889 -0.978490 0.134195 -0.156684 -0.256829
0.008473 -0.732146 -0.681095 0.035428 -0.206167 -0.667765 0.715252 0.646540 -0.978480 0.134359 -0.156603 -0.257744
0.007243 -0.732927 -0.680270 0.035500 -0.206133 -0.666771 0.716189 0.646731 -0.978497 0.135038 -0.155910 -0.257230
0.505702 -0.829212 -0.238065 0.355123 0.293759 -0.093950 0.951251 0.536632 -0.811154 -0.550983 0.196078 0.267640
0.507321 -0.828413 -0.237407 0.355463 0.293343 -0.093030 0.951470 0.535937 -0.810295 -0.552343 0.195813 0.268584
0.503914 -0.830636 -0.236893 0.354723 0.294884 -0.092343 0.951062 0.536085 -0.811861 -0.549110 0.198408 0.269198
0.996684 0.054052 -0.060826 0.062939 -0.072569 0.928600 -0.363918 -0.640082 0.036812 0.367125 0.929443 0.268391
0.996632 0.054581 -0.061209 0.062821 -0.073162 0.928948 -0.362909 -0.639912 0.037051 0.366165 0.929812 0.268836
0.996630 0.052859 -0.062741 0.063868 -0.072149 0.928747 -0.363626 -0.640240 0.039050 0.366928 0.929431 0.267853
0.913511 -0.034400 0.405358 0.319921 0.234069 0.859410 -0.454566 -0.612768 -0.332729 0.510133 0.793132 0.088709
0.913382 -0.034137 0.405673 0.319778 0.233809 0.859736 -0.454081 -0.612888 -0.333269 0.509600 0.793248 0.088435
0.913413 -0.036984 0.405353 0.321482 0.235510 0.860260 -0.452205 -0.611840 -0.331984 0.508516 0.794481 0.089553
0.985856 0.166547 0.018730 0.044361 0.024609 -0.033304 -0.999142 -0.458165 -0.165780 0.985471 -0.036932 -0.523286
0.985704 0.167452 0.018668 0.043588 0.024757 -0.034348 -0.999104 -0.457818 -0.166661 0.985283 -0.038003 -0.523648
0.985896 0.166343 0.018432 0.044369 0.024379 -0.033782 -0.999132 -0.458105 -0.165576 0.985489 -0.037361 -0.523336
0.850722 -0.365386 0.377844 0.462131 0.523864 0.530753 -0.666234 -0.517667 0.042891 0.764719 0.642936 -0.064541
0.850927 -0.364813 0.377935 0.461640 0.523569 0.530957 -0.666304 -0.518032 0.042409 0.764850 0.642811 -0.065122
0.850920 -0.363497 0.379221 0.460951 0.523717 0.531079 -0.666090 -0.518611 0.040725 0.765394 0.642275 -0.065245
0.724369 -0.685634 -0.072101 0.390034 -0.678028 -0.727427 0.105486 0.328453 -0.124773 -0.027524 -0.991805 -0.475086
0.724314 -0.685528 -0.073618 0.389361 -0.677829 -0.727552 0.105902 0.328827 -0.126160 -0.026805 -0.991648 -0.475380
0.724416 -0.685386 -0.073937 0.388871 -0.677654 -0.727688 0.106091 0.329359 -0.126516 -0.026750 -0.991604 -0.475407
0.686041 0.468172 -0.556924 -0.415204 -0.138835 -0.667160 -0.731863 -0.036486 -0.714194 0.579407 -0.392700 -0.558565
0.687801 0.467892 -0.554986 -0.413100 -0.138471 -0.665941 -0.733041 -0.038206 -0.712572 0.581035 -0.393246 -0.560021
0.685224 0.468999 -0.557235 -0.416789 -0.138316 -0.667366 -0.731774 -0.036351 -0.715080 0.578503 -0.392426 -0.557378
0.854308 0.467913 -0.226310 -0.236386 -0.025754 -0.396765 -0.917559 -0.245300 -0.519130 0.789706 -0.326909 -0.608015
0.852979 0.469927 -0.227151 -0.238740 -0.026536 -0.395593 -0.918043 -0.246946 -0.521273 0.789099 -0.324963 -0.606407
0.853505 0.468784 -0.227534 -0.237776 -0.026773 -0.396626 -0.917590 -0.245387 -0.520397 0.789259 -0.325971 -0.607435
-0.170569 -0.409889 0.896046 0.609930 0.806637 -0.580352 -0.111929 0.328886 0.565900 0.703692 0.429622 -0.074384
-0.169831 -0.411202 0.895585 0.610294 0.806367 -0.580410 -0.113579 0.328441 0.566510 0.702879 0.430150 -0.073410
-0.172303 -0.410616 0.895382 0.609797 0.806726 -0.580420 -0.110934 0.329312 0.565248 0.703213 0.431262 -0.073576
0.777700 0.364912 0.511881 0.157303 -0.500809 -0.132527 0.855352 0.414187 0.379966 -0.921562 0.079685 0.537980
0.776430 0.366704 0.512531 0.157486 -0.501622 -0.132699 0.854849 0.413993 0.381490 -0.920826 0.080915 0.538077
0.778464 0.363711 0.511579 0.156847 -0.499912 -0.133616 0.855708 0.415195 0.379586 -0.921881 0.077808 0.537332
0.590976 -0.439381 0.676530 0.610640 0.800031 0.211704 -0.561366 -0.276972 0.103430 0.872998 0.476631 -0.190058
0.590138 -0.442131 0.675472 0.611943 0.800405 0.211290 -0.560989 -0.275822 0.105310 0.871712 0.478573 -0.187554
0.590924 -0.439769 0.676323 0.610903 0.800009 0.211480 -0.561482 -0.276698 0.103894 0.872857 0.476788 -0.189617
0.645033 -0.525405 0.554871 0.601934 -0.650212 0.004093 0.759742 0.283093 -0.401443 -0.850843 -0.338984 0.207989
0.645312 -0.525446 0.554508 0.601669 -0.649414 0.004917 0.760420 0.282959 -0.402286 -0.850813 -0.338059 0.208940
0.643999 -0.526859 0.554695 0.601977 -0.650000 0.005548 0.759915 0.282723 -0.403445 -0.849936 -0.338885 0.208350
0.789265 0.411806 0.455498 0.110738 0.275221 0.425870 -0.861910 -0.588577 -0.548922 0.805637 0.222787 -0.356440
0.788639 0.412370 0.456069 0.109760 0.275372 0.426314 -0.861642 -0.588776 -0.549744 0.805113 0.222653 -0.356404
0.787894 0.412842 0.456931 0.109413 0.275983 0.426590 -0.861310 -0.589005 -0.550507 0.804726 0.222170 -0.356112
0.594533 -0.803321 0.034727 0.483871 -0.076422 -0.013461 0.996985 0.474167 -0.800431 -0.595394 -0.069394 0.163591
0.595041 -0.802926 0.035148 0.483925 -0.076389 -0.012969 0.996994 0.473898 -0.800057 -0.595938 -0.069052 0.164205
0.595852 -0.802308 0.035550 0.484310 -0.077051 -0.013050 0.996942 0.473386 -0.799390 -0.596769 -0.069595 0.164575
-0.509678 0.314000 -0.801019 -0.598870 -0.678890 -0.718706 0.150236 0.344322 -0.528523 0.620376 0.579480 -0.092330
-0.510173 0.315105 -0.800271 -0.599186 -0.678654 -0.719081 0.149507 0.344114 -0.528348 0.619381 0.580703 -0.091034
-0.509908 0.314068 -0.800846 -0.598886 -0.678255 -0.719413 0.149720 0.344438 -0.529117 0.619521 0.579853 -0.091789
-0.097044 0.137666 0.985714 0.391541 0.994701 -0.020358 0.100772 0.177595 0.033940 0.990270 -0.134960 -0.548526
-0.096632 0.136973 0.985851 0.392583 0.994715 -0.021248 0.100453 0.178289 0.034707 0.990347 -0.134196 -0.547553
-0.095578 0.137766 0.985843 0.391791 0.994815 -0.021394 0.099438 0.177998 0.034790 0.990234 -0.135006 -0.548222
-0.609692 0.701045 0.369889 -0.240710 -0.769362 -0.411135 -0.488927 -0.124176 -0.190686 -0.582674 0.790023 0.642143
-0.610011 0.699972 0.371384 -0.240044 -0.769435 -0.411245 -0.488721 -0.124029 -0.189361 -0.583881 0.789446 0.642426
-0.610823 0.698258 0.373278 -0.239945 -0.769214 -0.411611 -0.488761 -0.123986 -0.187636 -0.585677 0.788531 0.642501
-0.467977 0.548316 -0.693071 -0.658033 -0.741360 -0.670444 -0.029833 0.226102 -0.481023 0.499854 0.720252 0.040088
-0.467646 0.547895 -0.693627 -0.657930 -0.741194 -0.670620 -0.030007 0.226421 -0.481601 0.500080 0.719709 0.039876
-0.467353 0.548175 -0.693604 -0.657861 -0.740887 -0.670913 -0.031030 0.226491 -0.482357 0.499381 0.719689 0.040487
-0.466980 0.320462 -0.824157 -0.608035 -0.860664 0.049193 0.506793 0.114565 0.202951 0.945983 0.252837 -0.320769
-0.466581 0.322554 -0.823568 -0.609094 -0.860801 0.048411 0.506636 0.114860 0.203285 0.945314 0.255067 -0.318646
-0.465755 0.320717 -0.824751 -0.608525 -0.861287 0.049634 0.505689 0.113566 0.203118 0.945874 0.253112 -0.320200
0.966260 0.169847 0.193633 0.125381 0.254838 -0.521218 -0.814488 -0.102000 -0.037412 0.836353 -0.546915 -0.677942
0.965840 0.171422 0.194341 0.124751 0.256250 -0.520084 -0.814769 -0.102844 -0.038596 0.836737 -0.546245 -0.677925
0.965933 0.170803 0.194421 0.125256 0.255979 -0.520119 -0.814832 -0.102838 -0.038054 0.836841 -0.546122 -0.677834
0.899774 0.418526 -0.123475 -0.158043 -0.005379 0.293583 0.955918 0.312281 0.436326 -0.859446 0.266410 0.602664
0.898985 0.420090 -0.123902 -0.158009 -0.005343 0.293391 0.955978 0.312140 0.437948 -0.858747 0.265998 0.602763
0.899002 0.420003 -0.124071 -0.157855 -0.005621 0.294345 0.955683 0.311920 0.437910 -0.858463 0.266978 0.602915
0.870296 0.218854 0.441235 0.207883 -0.377126 -0.280115 0.882786 0.515010 0.316798 -0.934686 -0.161247 0.421029
0.870332 0.220112 0.440538 0.207469 -0.376433 -0.279429 0.883299 0.514596 0.317524 -0.934596 -0.160339 0.421755
0.870653 0.218275 0.440819 0.207542 -0.377271 -0.278742 0.883159 0.514440 0.315647 -0.935233 -0.160339 0.421893
0.130076 -0.721514 -0.680073 0.046192 -0.591323 -0.607020 0.530909 0.481206 -0.795876 0.333084 -0.505606 -0.502043
0.126312 -0.721102 -0.681224 0.042736 -0.590530 -0.606443 0.532450 0.482188 -0.797075 0.335026 -0.502432 -0.501375
0.129613 -0.721874 -0.679778 0.046362 -0.590852 -0.606784 0.531702 0.481658 -0.796300 0.332733 -0.505168 -0.501589
0.495358 -0.847878 0.189013 0.567377 0.082583 -0.170636 -0.981868 -0.376093 0.864756 0.501985 -0.014505 -0.149537
0.494651 -0.848266 0.189119 0.567521 0.082881 -0.170571 -0.981854 -0.376061 0.865131 0.501349 -0.014068 -0.149068
0.493991 -0.848643 0.189155 0.567382 0.085053 -0.169344 -0.981881 -0.376802 0.865299 0.501129 -0.011474 -0.147695
0.960268 0.266868 -0.081646 -0.054554 0.022727 -0.366359 -0.930197 -0.262108 -0.278151 0.891383 -0.357868 -0.643466
0.959819 0.268331 -0.082139 -0.056250 0.022632 -0.365768 -0.930431 -0.262507 -0.279707 0.891187 -0.357145 -0.643149
0.960511 0.266237 -0.080857 -0.053254 0.023154 -0.366070 -0.930300 -0.262282 -0.277279 0.891691 -0.357779 -0.643512
0.717398 0.332716 -0.612079 -0.370380 0.689849 -0.461850 0.557497 0.577111 -0.097200 -0.822189 -0.560854 0.124423
0.718038 0.331570 -0.611951 -0.370053 0.689187 -0.461470 0.558629 0.577096 -0.097172 -0.822866 -0.559867 0.125425
0.717892 0.333086 -0.611298 -0.369849 0.689419 -0.462014 0.557892 0.577491 -0.096603 -0.821947 -0.561312 0.124257
-0.447869 -0.532299 0.718381 0.551886 0.105958 -0.829406 -0.548507 0.158738 0.887799 -0.169540 0.427866 0.394897
-0.448515 -0.532551 0.717791 0.551703 0.106642 -0.829249 -0.548611 0.158548 0.887390 -0.169513 0.428723 0.395226
-0.448555 -0.532856 0.717539 0.552184 0.106955 -0.829070 -0.548820 0.158365 0.887333 -0.169432 0.428875 0.394613
-0.710393 -0.108983 0.695317 0.300048 -0.302091 -0.845088 -0.441100 0.168703 0.635675 -0.523404 0.567422 0.606013
-0.710893 -0.107161 0.695088 0.300320 -0.302178 -0.845910 -0.439461 0.169852 0.635075 -0.522450 0.568970 0.605531
-0.710755 -0.108368 0.695042 0.300525 -0.302379 -0.845051 -0.440973 0.168935 0.635133 -0.523590 0.567856 0.605693
0.912999 -0.088490 -0.398251 -0.037118 -0.381308 -0.532169 -0.755910 -0.145404 -0.145047 0.842002 -0.519612 -0.680590
0.912858 -0.086583 -0.398991 -0.039237 -0.380797 -0.533028 -0.755563 -0.144772 -0.147255 0.841656 -0.519549 -0.680593
0.912060 -0.086552 -0.400825 -0.040996 -0.382369 -0.532635 -0.755047 -0.144914 -0.148142 0.841908 -0.518891 -0.680451
0.962883 -0.001730 -0.269917 -0.012873 0.037636 0.991073 0.127907 -0.422179 0.267286 -0.133318 0.954351 0.554358
0.962574 -0.002982 -0.271005 -0.012476 0.039148 0.990983 0.128142 -0.421729 0.268180 -0.133955 0.954010 0.554714
0.962281 -0.002858 -0.272049 -0.012285 0.039403 0.990866 0.128969 -0.421751 0.269196 -0.134824 0.953603 0.554720
0.222260 -0.104014 -0.969424 -0.386190 0.184512 -0.971839 0.146576 0.570570 -0.957370 -0.211449 -0.196809 -0.104977
0.222517 -0.103784 -0.969389 -0.386220 0.184706 -0.971822 0.146443 0.570527 -0.957272 -0.211637 -0.197077 -0.105102
0.222978 -0.104971 -0.969156 -0.385280 0.184480 -0.971677 0.147688 0.571115 -0.957208 -0.211721 -0.197298 -0.105392
0.804407 0.113454 0.583145 0.320159 -0.064037 0.992435 -0.104748 -0.546146 -0.590618 0.046917 0.805587 0.291448
0.804386 0.114597 0.582951 0.319180 -0.065092 0.992313 -0.105252 -0.546275 -0.590531 0.046717 0.805662 0.292255
0.804091 0.113502 0.583572 0.319730 -0.064369 0.992457 -0.104336 -0.546282 -0.591012 0.046331 0.805331 0.291655
-0.558797 0.403360 0.724602 0.081082 -0.525845 0.503304 -0.685692 -0.638804 -0.641276 -0.764190 -0.069140 0.266585
-0.556805 0.404457 0.725524 0.082200 -0.527272 0.502809 -0.684958 -0.638764 -0.641837 -0.763936 -0.066709 0.266327
-0.558101 0.403195 0.725229 0.081938 -0.526467 0.503502 -0.685068 -0.638783 -0.641370 -0.764147 -0.068736 0.266365
0.031188 0.307317 0.951096 0.308009 0.373806 -0.886096 0.274055 0.611959 0.926984 0.346978 -0.142512 -0.127845
0.031061 0.307416 0.951068 0.307888 0.374913 -0.885637 0.274022 0.611883 0.926540 0.348056 -0.142762 -0.128503
0.029313 0.307035 0.951248 0.308986 0.375299 -0.885412 0.274220 0.611331 0.926441 0.348964 -0.141184 -0.128440
0.168306 0.609635 0.774609 0.091349 0.642764 -0.663652 0.382650 0.586859 0.747348 0.433489 -0.503547 -0.364640
0.168374 0.610501 0.773912 0.090021 0.643691 -0.662705 0.382733 0.586434 0.746534 0.433718 -0.504556 -0.365652
0.168676 0.608881 0.775122 0.091888 0.642237 -0.664437 0.382176 0.587033 0.747718 0.433348 -0.503119 -0.364230
0.757410 -0.325662 -0.565929 -0.020352 0.212043 -0.697081 0.684921 0.696317 -0.617550 -0.638766 -0.458922 0.020739
0.758894 -0.324760 -0.564458 -0.018868 0.211303 -0.697078 0.685152 0.696392 -0.615982 -0.639229 -0.460386 0.020120
0.757532 -0.326400 -0.565339 -0.019491 0.212362 -0.695702 0.686224 0.696292 -0.617291 -0.639894 -0.457702 0.022396
0.034438 0.984265 0.173317 -0.398077 -0.993206 0.052994 -0.103608 -0.194832 -0.111163 -0.168571 0.979403 0.537865
